1 1 96 0 0 0.114122
1 1 98 1 0 0.040561
1 1 101 2 0 0.039771
1 1 102 3 0 0.040395
1 1 103 4 0 0.040834
1 1 104 5 0 0.041531
1 1 119 6 0 0.04787
1 1 120 7 0 0.055729
1 1 123 8 0 0.050056
0 1 124 9 0 0.050383
0 1 138 9 0 0.055843
0 1 48 0 0 0.019249
0 1 48 0 0 0.019165
1 1 128 0 0 0.049026
1 1 130 1 0 0.050208
0 1 139 2 0 0.053491
1 1 140 2 0 0.054109
1 1 143 3 0 0.057265
1 1 144 4 0 0.056937
1 1 145 5 0 0.056665
1 1 148 6 0 0.05873
1 1 149 7 0 0.059107
1 1 150 8 0 0.05946
1 1 168 9 0 0.0671
1 1 171 10 0 0.068438
1 1 172 11 0 0.068818
1 1 173 12 0 0.069274
0 1 74 0 0 0.028558
0 1 74 0 0 0.028328
0 1 596 13 0 0.233536
0 1 598 13 0 0.233924
0 1 542 13 0 0.211162
0 1 541 13 0 0.211829
0 1 606 13 0 0.236359
0 1 609 13 0 0.238562
0 1 612 13 0 0.246143
1 1 615 13 0 0.239958
0 1 616 14 0 0.239783
0 1 619 14 0 0.243408
0 1 620 14 0 0.242989
0 1 621 14 0 0.243759
0 1 646 14 0 0.252974
0 1 646 14 0 0.25876
0 1 647 14 0 0.253477
1 1 648 14 0 0.253832
1 1 649 15 0 0.254929
0 1 650 16 0 0.254969
0 1 651 16 0 0.254825
0 1 652 16 0 0.255618
0 1 653 16 0 0.255404
0 1 654 16 0 0.257364
0 1 655 16 0 0.263583
1 1 656 16 0 0.257751
0 1 657 17 0 0.257659
0 1 658 17 0 0.259128
0 1 659 17 0 0.258727
0 1 660 17 0 0.26283
0 1 665 17 0 0.261515
0 1 666 17 0 0.2617
0 1 698 17 0 0.273977
0 1 702 17 0 0.275885
0 1 709 17 0 0.278975
0 1 710 17 0 0.278306
0 1 713 17 0 0.279857
0 1 714 17 0 0.27995
0 1 715 17 0 0.280502
0 1 718 17 0 0.287604
0 1 767 17 0 0.301656
0 1 768 17 0 0.303249
0 1 771 17 0 0.305429
1 1 90 0 0 0.035015
0 1 1004 27 0 0.400518
1 1 95 1 0 0.037045
0 1 1003 28 0 0.396834
0 1 1006 28 0 0.396893
0 1 1003 28 0 0.398078
0 1 1002 28 0 0.396273
0 1 1001 28 0 0.394827
0 1 1002 28 0 0.398685
0 1 1002 28 0 0.398727
0 1 1003 28 0 0.397259
1 1 1003 28 0 0.398542
0 1 1004 29 0 0.39807
0 1 1004 29 0 0.397752
0 1 1005 29 0 0.39739
0 1 1005 29 0 0.401766
0 1 1006 29 0 0.399209
0 1 1007 29 0 0.40016
0 1 1008 29 0 0.400366
0 1 1008 29 0 0.407042
0 1 1009 29 0 0.400547
0 1 1009 29 0 0.402102
0 1 1010 29 0 0.403774
0 1 1010 29 0 0.400898
0 1 1011 29 0 0.405791
0 1 1011 29 0 0.401694
0 1 1012 29 0 0.405007
0 1 1012 29 0 0.400399
0 1 1013 29 0 0.400973
0 1 1013 29 0 0.413218
0 1 1014 29 0 0.411391
0 1 1014 29 0 0.411417
0 1 1015 29 0 0.406947
0 1 1015 29 0 0.407408
0 1 1016 29 0 0.406622
0 1 1016 29 0 0.407618
0 1 1017 29 0 0.440769
0 1 1017 29 0 0.456493
0 1 1018 29 0 0.442091
0 1 1018 29 0 0.404624
0 1 1019 29 0 0.404248
0 1 1019 29 0 0.403446
0 1 1020 29 0 0.403054
0 1 1021 29 0 0.403899
0 1 1022 29 0 0.414317
0 1 1022 29 0 0.404299
0 1 1023 29 0 0.405634
0 1 1023 29 0 0.409843
0 1 1024 29 0 0.411566
0 1 1024 29 0 0.40479
0 1 1025 29 0 0.405703
0 1 1025 29 0 0.405479
0 1 1026 29 0 0.408471
0 1 1027 29 0 0.405512
0 1 1028 29 0 0.406489
0 1 1029 29 0 0.406942
0 1 1030 29 0 0.405531
0 1 1031 29 0 0.408033
