0 0 19 0 11 0.001841
0 0 55 0 43 0.00789
0 0 2 0 9 0.000252
0 0 75 0 23 0.008049
0 0 86 0 45 0.011004
1 1 147 0 38 0.011985
1 1 153 1 5 0.003652
1 1 153 2 9 0.005436
1 1 159 3 7 0.004319
1 1 159 4 10 0.004875
0 0 168 5 56 0.010308
1 1 164 5 6 0.004521
1 1 170 6 10 0.004516
0 0 174 7 41 0.008762
0 0 173 7 99 0.016213
1 1 176 7 12 0.005432
1 1 176 8 7 0.00465
1 1 182 9 6 0.004551
1 1 184 10 9 0.00553
1 1 184 11 8 0.004887
1 1 190 12 10 0.005004
1 1 190 13 6 0.004854
0 0 197 14 500 0.072095
0 0 199 14 58 0.012124
1 1 201 14 9 0.005179
1 1 201 15 7 0.004481
1 1 207 16 10 0.006188
1 1 207 17 8 0.005423
0 0 209 18 118 0.022738
1 1 212 18 6 0.00532
1 1 212 19 5 0.005518
1 1 212 20 10 0.006101
1 1 222 21 11 0.007572
1 1 222 22 9 0.007009
0 0 227 23 21 0.009221
1 1 228 23 5 0.005516
1 1 228 24 9 0.006282
0 0 231 25 31 0.010171
1 1 235 25 7 0.007246
1 1 235 26 13 0.008163
1 1 237 27 6 0.004669
1 1 237 28 7 0.006218
1 1 239 29 6 0.006709
1 1 239 30 6 0.006164
1 1 247 31 9 0.007338
1 1 247 32 7 0.005693
0 0 252 33 8 0.006642
1 1 253 33 13 0.007945
1 1 253 34 13 0.008736
1 1 259 35 7 0.007039
1 1 259 36 6 0.006611
1 1 265 37 8 0.007413
1 1 265 38 13 0.009366
1 1 272 39 15 0.008099
1 1 278 40 5 0.005325
1 1 278 41 63 0.020293
1 1 278 42 24 0.012241
0 1 278 43 16 0.009666
1 1 286 43 41 0.015318
1 1 286 44 29 0.012604
1 1 286 45 87 0.025038
0 1 286 46 66 0.021163
1 1 286 46 10 0.008524
0 0 288 47 19 0.010362
1 1 296 47 9 0.008896
1 1 296 48 6 0.007478
1 1 296 49 6 0.006617
1 1 309 50 6 0.007847
0 0 314 51 49 0.018774
0 1 318 51 8 0.008836
0 1 318 51 10 0.009742
0 1 318 51 9 0.010186
1 1 323 51 10 0.010453
1 1 323 52 13 0.011179
1 1 323 53 9 0.010455
1 1 323 54 13 0.010456
0 0 329 55 19 0.011795
0 0 332 55 46 0.018555
0 0 345 55 26 0.014059
1 1 348 55 6 0.008848
1 1 348 56 5 0.006671
1 1 348 57 9 0.011203
1 1 348 58 8 0.010978
1 1 355 59 6 0.009839
1 1 355 60 7 0.009624
1 1 355 61 5 0.008701
1 1 355 62 9 0.011771
0 0 363 63 50 0.021754
1 1 363 63 5 0.0073
1 1 363 64 6 0.01014
1 1 368 65 7 0.011465
1 1 368 66 8 0.012831
0 0 375 67 15 0.010796
0 1 381 67 11 0.013195
0 0 382 67 167 0.056358
0 0 390 67 40 0.020632
0 0 391 67 82 0.031444
0 0 391 67 81 0.031322
0 1 395 67 29 0.017628
0 0 26 0 40 0.001336
0 0 14 0 25 0.000534
1 1 418 67 22 0.017251
1 1 418 68 11 0.013122
1 1 435 69 9 0.01255
1 1 435 70 6 0.010734
0 0 443 71 57 0.027874
0 0 447 71 136 0.054454
1 1 448 71 7 0.012213
1 1 448 72 5 0.012117
1 1 448 73 6 0.012212
0 0 449 74 24 0.018375
0 0 450 74 38 0.024423
0 0 451 74 80 0.03713
0 0 475 74 237 0.091987
0 0 461 74 30 0.020595
0 0 8 0 8 0.000285
1 1 465 74 10 0.01494
0 0 471 75 53 0.030296
0 0 473 75 68 0.034828
1 1 475 75 7 0.014223
1 1 475 76 6 0.013406
1 1 475 77 7 0.013466
1 1 475 78 7 0.013549
0 0 477 79 32 0.021614
1 1 481 79 5 0.011621
1 1 481 80 6 0.013029
1 1 481 81 6 0.012538
0 0 485 82 73 0.036441
0 0 485 82 89 0.044066
1 1 489 82 6 0.011117
1 1 489 83 6 0.012958
1 1 489 84 5 0.013714
0 0 494 85 109 0.050035
1 1 503 85 10 0.016799
1 1 503 86 3 0.009118
1 1 503 87 8 0.014869
1 1 509 88 8 0.01778
1 1 509 89 7 0.014394
1 1 509 90 6 0.014357
1 1 509 91 4 0.013391
1 1 509 92 5 0.010054
1 1 513 93 7 0.013931
1 1 513 94 7 0.014716
1 1 513 95 5 0.010382
0 0 514 96 81 0.042019
0 0 521 96 19 0.020129
0 0 8 0 10 0.000371
0 0 10 0 18 0.000408
0 0 527 96 68 0.040108
0 0 528 96 29 0.023038
1 1 537 96 13 0.019514
1 1 545 97 9 0.017843
1 1 545 98 4 0.010349
1 1 545 99 6 0.014503
1 1 548 100 12 0.020022
1 1 548 101 7 0.015649
1 1 548 102 7 0.015879
1 1 551 103 6 0.016796
1 1 551 104 7 0.016983
1 1 551 105 7 0.016295
1 1 556 106 6 0.015322
1 1 556 107 7 0.016368
0 0 559 108 97 0.052356
0 0 566 108 150 0.077429
0 0 568 108 96 0.056344
1 1 569 108 8 0.01677
1 1 569 109 10 0.019729
1 1 569 110 9 0.017911
0 0 572 111 23 0.022451
1 1 578 111 7 0.017751
1 1 578 112 9 0.018596
1 1 578 113 6 0.012042
0 0 579 114 57 0.040215
1 1 585 114 7 0.017593
1 1 585 115 9 0.019284
0 0 586 116 39 0.033265
1 1 597 116 5 0.012143
0 0 603 117 49 0.037834
0 0 608 117 26 0.026683
0 0 611 117 24 0.026068
1 1 613 117 8 0.017798
0 0 613 118 57 0.042104
0 0 614 118 51 0.03806
0 0 616 118 13 0.02243
1 1 618 118 5 0.012689
1 1 618 119 8 0.019066
1 1 623 120 7 0.018986
0 1 623 121 8 0.019689
1 1 626 121 7 0.01937
1 1 626 122 7 0.018661
0 0 628 123 61 0.046134
0 0 636 123 51 0.040801
1 1 638 123 8 0.019607
0 0 643 124 19 0.025376
1 1 644 124 9 0.020997
1 1 644 125 7 0.018162
1 1 644 126 9 0.021681
1 1 646 127 8 0.021179
1 1 646 128 8 0.021117
1 1 646 129 8 0.020949
0 0 647 130 39 0.036501
0 0 652 130 54 0.044961
0 0 652 130 131 0.084412
0 0 654 130 55 0.045096
0 0 666 130 100 0.068348
1 1 661 130 7 0.020586
0 0 662 131 38 0.036518
0 0 663 131 82 0.057775
1 1 664 131 6 0.018642
1 1 664 132 5 0.016575
0 0 668 133 105 0.073627
0 0 669 133 65 0.051851
0 0 669 133 36 0.035924
0 0 672 133 26 0.030664
0 0 680 133 40 0.038824
1 1 685 133 7 0.018835
1 1 685 134 7 0.020828
0 0 687 135 43 0.041372
1 1 695 135 11 0.023754
1 1 695 136 10 0.02383
0 0 696 137 296 0.174035
0 0 697 137 16 0.028319
0 0 698 137 47 0.044677
0 0 704 137 22 0.024767
0 0 704 137 35 0.034814
1 1 711 137 6 0.021587
0 0 711 138 54 0.050533
1 1 711 138 7 0.023135
0 0 713 139 108 0.075701
0 0 715 139 174 0.108909
0 0 717 139 100 0.075728
0 0 719 139 76 0.061504
0 0 723 139 171 0.113704
0 0 724 139 82 0.05913
0 0 724 139 188 0.122027
0 0 725 139 228 0.145573
0 0 726 139 227 0.141147
0 0 730 139 150 0.099144
0 0 731 139 100 0.075235
0 0 732 139 204 0.132872
0 0 734 139 30 0.030715
1 1 735 139 8 0.023122
1 1 735 140 9 0.022314
1 1 740 141 8 0.023994
1 1 740 142 9 0.025248
1 1 743 143 9 0.02267
1 1 743 144 10 0.023484
0 0 746 145 70 0.059019
0 0 750 145 108 0.082836
0 0 752 145 76 0.063856
0 0 759 145 76 0.065249
1 1 759 145 8 0.024956
0 0 765 146 38 0.043842
1 1 773 146 15 0.028064
0 0 773 147 57 0.055859
0 0 778 147 43 0.045362
1 1 781 147 9 0.0271
1 1 781 148 5 0.020708
1 1 787 149 10 0.028311
0 0 791 150 31 0.041394
0 0 792 150 9 0.025548
0 0 807 150 143 0.112942
0 0 796 150 56 0.050588
0 0 801 150 28 0.037849
1 1 802 150 7 0.025249
1 1 804 151 9 0.026319
0 0 804 152 10 0.026504
0 0 805 152 72 0.065178
0 0 808 152 33 0.041318
0 0 809 152 40 0.046153
1 1 809 152 10 0.028561
0 0 816 153 50 0.054434
0 0 819 153 28 0.036342
0 0 821 153 59 0.056657
0 1 828 153 6 0.023444
1 1 836 153 7 0.024228
0 0 839 154 44 0.047562
0 0 839 154 111 0.096799
0 0 847 154 36 0.042819
0 0 851 154 64 0.061282
0 0 855 154 210 0.163006
0 0 857 154 61 0.060676
0 0 859 154 63 0.064424
0 0 867 154 18 0.03546
0 0 867 154 89 0.081918
0 0 875 154 22 0.035135
1 1 876 154 11 0.031596
1 1 878 155 10 0.0299
0 0 879 156 49 0.057795
0 0 880 156 123 0.106949
0 0 882 156 42 0.048899
0 0 883 156 51 0.059131
1 1 884 156 7 0.027392
0 1 885 157 11 0.030886
0 0 887 157 83 0.083117
1 1 888 157 7 0.026001
1 1 888 158 7 0.020138
0 0 890 159 59 0.065012
1 1 892 159 8 0.028683
0 0 895 160 52 0.056665
0 0 896 160 42 0.046082
0 0 899 160 8 0.028097
0 0 899 160 79 0.075176
1 1 904 160 4 0.022763
1 1 904 161 8 0.03054
1 1 910 162 7 0.027106
0 0 910 163 46 0.05731
1 1 910 163 7 0.02831
0 0 911 164 52 0.059155
0 0 912 164 34 0.049124
1 1 916 164 4 0.018309
0 0 916 165 62 0.069241
1 1 916 165 9 0.030457
1 1 920 166 8 0.029277
1 1 920 167 6 0.024215
0 0 922 168 37 0.047585
0 0 925 168 28 0.044709
1 1 925 168 11 0.033297
1 1 928 169 6 0.027134
1 1 928 170 7 0.026965
1 1 934 171 9 0.03004
1 1 934 172 4 0.025986
1 1 934 173 5 0.028797
0 0 937 174 106 0.100957
0 0 939 174 38 0.056079
1 1 940 174 13 0.036509
1 1 940 175 9 0.032425
1 1 940 176 8 0.031133
0 0 940 177 24 0.040557
1 1 940 177 7 0.030604
0 0 949 178 165 0.146549
0 0 941 178 154 0.13905
1 1 946 178 7 0.031243
1 1 946 179 8 0.032433
1 1 946 180 9 0.032516
0 0 948 181 25 0.043338
0 0 952 181 67 0.072996
0 0 953 181 87 0.091373
0 0 955 181 41 0.056373
1 1 957 181 7 0.027334
1 1 957 182 7 0.02977
1 1 957 183 8 0.030112
0 0 961 184 16 0.039254
0 0 961 184 36 0.054889
1 1 963 184 8 0.033813
1 1 963 185 10 0.034848
1 1 963 186 6 0.030176
1 1 963 187 8 0.033216
0 0 966 188 37 0.054432
0 0 967 188 40 0.05913
1 1 969 188 5 0.027045
1 1 969 189 7 0.032383
1 1 969 190 8 0.03341
1 1 969 191 5 0.029736
0 0 972 192 65 0.077552
0 0 972 192 19 0.0343
1 1 975 192 6 0.028191
1 1 975 193 7 0.028999
1 1 975 194 5 0.031269
0 0 978 195 36 0.056846
0 0 984 195 23 0.047279
1 1 984 195 5 0.027792
1 1 984 196 5 0.0272
1 1 984 197 8 0.035042
1 1 989 198 8 0.034424
1 1 989 199 9 0.032233
1 1 989 200 9 0.034395
1 1 989 201 5 0.031625
0 0 991 202 54 0.070048
1 1 991 202 6 0.031186
1 1 991 203 5 0.028523
0 0 991 204 42 0.060836
1 1 991 204 7 0.033484
1 1 991 205 5 0.030575
0 0 993 206 86 0.093781
1 1 997 206 13 0.038214
1 1 997 207 4 0.025197
1 1 997 208 6 0.034193
0 0 1001 209 69 0.083824
0 0 1001 209 35 0.057638
0 0 1006 209 42 0.060184
0 0 1006 209 84 0.09428
1 1 1010 209 5 0.0288
1 1 1010 210 14 0.040496
1 1 1010 211 10 0.036344
0 1 1010 212 25 0.048212
0 0 1011 212 45 0.064567
0 0 1013 212 45 0.068479
0 0 1013 212 152 0.151095
0 0 1019 212 103 0.115818
0 0 1027 212 85 0.094576
0 0 1027 212 129 0.127937
0 0 1028 212 71 0.07914
0 0 1028 212 32 0.052317
0 0 1039 212 20 0.047282
0 0 1050 212 32 0.055546
0 0 18 0 30 0.00094
0 0 1056 212 211 0.204115
0 0 1057 212 53 0.076197
0 0 1059 212 133 0.136956
0 0 1061 212 189 0.18736
0 0 1061 212 58 0.076625
0 1 1065 212 9 0.028547
0 0 1065 212 90 0.100657
0 0 1067 212 104 0.118871
0 0 1067 212 95 0.104075
0 0 1068 212 123 0.133777
0 0 1081 212 81 0.101056
0 0 1081 212 131 0.139069
0 0 1082 212 183 0.182822
0 0 1083 212 139 0.147056
0 0 1088 212 116 0.127192
0 0 1089 212 83 0.102205
0 0 1090 212 31 0.051874
0 0 1092 212 122 0.131787
0 0 1094 212 28 0.053798
0 0 1098 212 69 0.090615
0 0 18 0 27 0.001088
0 0 1111 212 156 0.166696
0 0 1115 212 115 0.133641
0 0 1116 212 56 0.077748
0 0 1116 212 34 0.058177
0 1 1119 212 12 0.038873
0 0 1121 212 70 0.095658
0 0 1123 212 235 0.231681
0 0 1127 212 43 0.063269
0 1 1128 212 13 0.041181
0 1 1128 212 10 0.034664
0 1 1131 212 12 0.039096
0 1 1131 212 11 0.037123
0 0 1137 212 69 0.08687
0 1 1139 212 9 0.034018
0 1 1139 212 15 0.046852
0 0 1141 212 89 0.110394
0 0 103 0 70 0.007078
0 0 1144 212 45 0.072845
0 1 1145 212 10 0.036324
0 1 1145 212 10 0.037679
0 0 1146 212 34 0.064584
0 0 1147 212 68 0.089606
0 0 1150 212 104 0.127613
0 0 1155 212 73 0.09542
0 0 1155 212 86 0.113655
1 1 17 0 7 0.000707
0 1 1156 213 21 0.051854
0 1 1156 213 16 0.046391
0 1 1156 213 18 0.046335
0 1 1156 213 17 0.047545
0 0 1157 213 25 0.052232
0 0 1160 213 24 0.046908
0 0 1162 213 25 0.054854
0 0 1168 213 18 0.043138
1 1 50 1 11 0.001942
1 1 50 2 10 0.00156
0 1 1169 215 18 0.049477
1 1 50 3 12 0.001747
0 1 1169 216 17 0.043491
0 0 1171 216 35 0.065742
0 0 1173 216 19 0.050201
0 0 61 4 20 0.002359
0 0 1189 216 19 0.050093
0 0 1190 216 20 0.048815
0 0 1191 216 18 0.047047
1 1 149 4 10 0.004587
1 1 160 5 11 0.004579
1 1 160 6 10 0.004878
1 1 160 7 9 0.004967
1 1 160 8 10 0.00478
1 1 160 9 10 0.005508
1 1 160 10 9 0.005431
0 0 1192 223 18 0.046167
0 0 1194 223 22 0.053933
0 0 1197 223 17 0.042822
0 1 1198 223 18 0.046639
1 1 173 11 10 0.005433
1 1 1198 224 15 0.047375
1 1 1198 225 10 0.042992
1 1 1198 226 11 0.040728
0 1 1198 227 13 0.046127
0 0 1199 227 78 0.111961
0 0 1201 227 36 0.063163
0 0 1203 227 77 0.111298
0 0 1203 227 42 0.068294
0 0 1204 227 121 0.141768
0 0 1206 227 180 0.204245
0 0 1207 227 58 0.087112
