0 0 116 0 19 0.011189
1 1 147 0 38 0.016347
1 1 153 1 5 0.006881
1 1 153 2 9 0.008095
1 1 159 3 7 0.006181
1 1 159 4 10 0.005669
1 1 164 5 6 0.004726
1 1 170 6 10 0.004525
1 1 176 7 8 0.004985
1 1 176 8 9 0.005257
1 1 182 9 11 0.005156
1 1 184 10 6 0.004722
1 1 184 11 6 0.004571
0 0 190 12 20 0.006941
1 1 190 12 10 0.00513
1 1 190 13 6 0.004659
1 1 201 14 9 0.005338
1 1 201 15 11 0.006137
1 1 207 16 5 0.003863
1 1 207 17 8 0.005672
1 1 212 18 5 0.004989
1 1 212 19 10 0.006683
1 1 212 20 6 0.005982
1 1 222 21 7 0.005721
1 1 222 22 9 0.006471
1 1 228 23 6 0.005965
1 1 228 24 6 0.006109
1 1 235 25 7 0.006228
1 1 235 26 8 0.006569
1 1 237 27 5 0.006393
1 1 237 28 7 0.006162
1 1 239 29 8 0.006701
1 1 239 30 5 0.005901
1 1 247 31 11 0.008186
1 1 247 32 9 0.007542
1 1 253 33 4 0.004623
1 1 253 34 9 0.007486
1 1 259 35 5 0.00617
1 1 259 36 14 0.009277
1 1 265 37 7 0.006991
1 1 265 38 12 0.008051
1 1 272 39 17 0.00903
0 1 278 40 83 0.023802
1 1 278 40 64 0.019457
1 1 278 41 35 0.013775
1 1 278 42 8 0.007844
1 1 286 43 24 0.012031
1 1 286 44 9 0.008389
1 1 286 45 7 0.007808
1 1 286 46 69 0.021721
0 1 286 47 94 0.02609
1 1 296 47 9 0.009286
1 1 296 48 7 0.008429
1 1 296 49 12 0.010001
1 1 309 50 8 0.009104
0 1 318 51 6 0.007959
0 1 318 51 10 0.009449
0 1 318 51 11 0.00994
1 1 323 51 8 0.009171
1 1 323 52 8 0.010161
1 1 323 53 9 0.010249
1 1 323 54 11 0.010659
1 1 348 55 10 0.011455
1 1 348 56 6 0.009305
1 1 348 57 5 0.009008
1 1 348 58 7 0.00991
1 1 355 59 8 0.011399
1 1 355 60 7 0.009617
1 1 355 61 7 0.009586
1 1 355 62 9 0.011762
1 1 363 63 7 0.010834
1 1 363 64 6 0.011152
1 1 368 65 6 0.007389
1 1 368 66 8 0.01081
0 1 381 67 9 0.012497
0 1 395 67 26 0.016392
0 0 417 67 55 0.026403
1 1 418 67 25 0.018137
1 1 418 68 10 0.012489
0 0 424 69 154 0.055294
1 1 435 69 8 0.011528
1 1 435 70 5 0.010499
1 1 448 71 7 0.013714
1 1 448 72 5 0.011193
1 1 448 73 8 0.012925
1 1 465 74 9 0.01496
0 0 466 75 22 0.015559
1 1 475 75 6 0.009412
1 1 475 76 6 0.014068
1 1 475 77 5 0.009131
1 1 475 78 8 0.014832
1 1 481 79 5 0.009252
1 1 481 80 7 0.014733
1 1 481 81 7 0.014727
1 1 489 82 9 0.015654
1 1 489 83 8 0.015123
1 1 489 84 4 0.01165
1 1 503 85 7 0.014913
1 1 503 86 7 0.015448
1 1 503 87 9 0.015281
1 1 509 88 9 0.014924
1 1 509 89 5 0.012398
1 1 509 90 5 0.012645
1 1 509 91 8 0.015824
1 1 509 92 7 0.014527
1 1 513 93 5 0.012538
1 1 513 94 9 0.016745
1 1 513 95 7 0.015823
1 1 537 96 11 0.017745
1 1 545 97 6 0.015751
1 1 545 98 8 0.015833
1 1 545 99 6 0.01479
1 1 548 100 8 0.016356
1 1 548 101 8 0.017644
1 1 548 102 13 0.019094
1 1 551 103 5 0.010788
1 1 551 104 5 0.013843
1 1 551 105 4 0.013202
1 1 556 106 9 0.018139
1 1 556 107 6 0.014624
1 1 569 108 10 0.019663
1 1 569 109 7 0.015818
1 1 569 110 5 0.011349
1 1 578 111 6 0.015534
1 1 578 112 5 0.01468
1 1 578 113 9 0.018223
1 1 585 114 8 0.017112
1 1 585 115 6 0.015738
1 1 597 116 9 0.019305
1 1 613 117 9 0.018207
0 0 614 118 75 0.050656
1 1 618 118 10 0.021286
1 1 618 119 8 0.01962
1 1 623 120 8 0.020227
1 1 623 121 10 0.020809
1 1 626 122 6 0.018576
1 1 626 123 9 0.021098
1 1 638 124 8 0.020059
1 1 644 125 6 0.018097
1 1 644 126 8 0.020623
1 1 644 127 6 0.018677
1 1 646 128 6 0.019484
1 1 646 129 6 0.017675
1 1 646 130 5 0.013181
0 0 655 131 55 0.044999
1 1 661 131 8 0.022008
1 1 664 132 6 0.018613
1 1 664 133 6 0.018352
0 0 675 134 126 0.083118
1 1 685 134 4 0.01362
1 1 685 135 10 0.022391
1 1 695 136 13 0.022898
1 1 695 137 6 0.022487
1 1 711 138 5 0.019289
1 1 711 139 9 0.024015
1 1 735 140 7 0.020979
1 1 735 141 9 0.023257
1 1 740 142 7 0.021579
1 1 740 143 6 0.020561
1 1 743 144 11 0.02308
1 1 743 145 8 0.022165
0 0 746 146 155 0.108034
0 0 757 146 100 0.079877
1 1 759 146 7 0.020986
0 0 762 147 17 0.02831
1 1 773 147 19 0.032424
1 1 781 148 7 0.025085
1 1 781 149 11 0.027911
1 1 787 150 5 0.021654
1 1 802 151 5 0.021545
1 1 804 152 8 0.027334
1 1 809 153 8 0.020737
1 1 828 154 9 0.028524
0 0 832 155 61 0.059447
1 1 836 155 8 0.025841
0 0 840 156 70 0.069429
0 0 866 156 116 0.09741
1 1 876 156 8 0.029062
1 1 878 157 7 0.024593
1 1 884 158 11 0.030223
1 1 885 159 11 0.032155
1 1 888 160 7 0.025416
1 1 888 161 7 0.028632
1 1 892 162 7 0.028698
1 1 904 163 6 0.027317
1 1 904 164 7 0.028932
1 1 910 165 6 0.024864
1 1 910 166 6 0.025468
1 1 916 167 8 0.030402
1 1 916 168 7 0.026982
1 1 920 169 5 0.028108
1 1 920 170 6 0.026228
1 1 925 171 7 0.027776
1 1 928 172 11 0.034887
1 1 928 173 8 0.029389
0 0 932 174 103 0.094452
1 1 934 174 6 0.026015
1 1 934 175 5 0.025126
1 1 934 176 5 0.019721
0 0 935 177 19 0.039767
1 1 940 177 8 0.030494
1 1 940 178 10 0.033385
1 1 940 179 6 0.027432
1 1 940 180 7 0.030586
1 1 946 181 7 0.031437
1 1 946 182 8 0.032971
1 1 946 183 7 0.031613
1 1 957 184 10 0.0316
1 1 957 185 7 0.029195
1 1 957 186 5 0.026287
0 0 962 187 53 0.06844
1 1 963 187 6 0.03054
1 1 963 188 7 0.030858
1 1 963 189 5 0.027092
1 1 963 190 6 0.027933
1 1 969 191 6 0.027604
1 1 969 192 5 0.027274
1 1 969 193 5 0.029278
1 1 969 194 4 0.024739
1 1 975 195 8 0.033602
1 1 975 196 8 0.033231
1 1 975 197 5 0.026308
1 1 984 198 7 0.030779
1 1 984 199 5 0.025733
1 1 984 200 6 0.03113
1 1 989 201 6 0.028208
1 1 989 202 11 0.037429
1 1 989 203 6 0.028624
1 1 989 204 5 0.027454
1 1 991 205 7 0.033061
1 1 991 206 5 0.031137
1 1 991 207 7 0.033035
1 1 991 208 7 0.030507
1 1 997 209 9 0.032844
1 1 997 210 6 0.032351
1 1 997 211 4 0.020592
1 1 1010 212 7 0.033571
1 1 1010 213 9 0.035501
1 1 1010 214 30 0.051526
1 1 1010 215 26 0.0488
0 0 1034 216 29 0.048191
0 0 1036 216 43 0.066406
0 0 1057 216 107 0.116956
0 1 1065 216 13 0.041561
0 0 1076 216 161 0.16872
0 1 1119 216 11 0.036112
0 0 1120 216 108 0.131576
0 1 1128 216 12 0.039416
0 1 1128 216 11 0.040204
0 1 1131 216 6 0.027247
0 1 1131 216 8 0.035243
0 1 1139 216 6 0.027292
0 1 1139 216 14 0.045737
0 1 1145 216 10 0.035501
0 1 1145 216 8 0.027373
0 0 1146 216 72 0.097706
1 1 17 0 6 0.000677
0 1 1156 217 18 0.046919
0 1 1156 217 21 0.050468
0 1 1156 217 20 0.049814
0 1 1156 217 20 0.048714
1 1 38 1 7 0.001219
0 1 1169 218 17 0.041885
0 1 1169 218 22 0.051063
1 1 41 2 9 0.001408
1 1 50 3 5 0.00105
0 0 81 4 32 0.003488
1 1 117 4 12 0.003475
0 0 1191 221 22 0.053926
1 1 160 5 13 0.005188
1 1 160 6 8 0.004307
1 1 160 7 8 0.004326
1 1 160 8 13 0.005232
1 1 160 9 8 0.004558
1 1 160 10 8 0.004598
0 0 171 11 32 0.007743
1 1 167 11 6 0.003484
0 1 167 12 14 0.005675
0 1 1198 228 17 0.045447
1 1 173 12 12 0.005932
1 1 188 13 13 0.005906
1 1 1198 230 14 0.044267
