1 1 147 0 38 0.017691
1 1 153 1 5 0.007148
1 1 153 2 9 0.009689
1 1 159 3 7 0.007564
1 1 159 4 10 0.006392
1 1 164 5 6 0.004607
1 1 170 6 10 0.004647
1 1 176 7 8 0.005062
1 1 176 8 9 0.005252
1 1 182 9 11 0.005187
1 1 184 10 6 0.00473
1 1 184 11 6 0.004734
1 1 190 12 8 0.004962
1 1 190 13 12 0.00579
1 1 201 14 7 0.005177
1 1 201 15 15 0.006472
1 1 207 16 7 0.005918
1 1 207 17 7 0.005563
1 1 5 0 11 0.000235
1 1 212 19 15 0.00746
1 1 212 20 8 0.005756
1 1 222 21 5 0.005205
1 1 222 22 9 0.006637
1 1 228 23 6 0.005716
1 1 228 24 8 0.006531
1 1 235 25 9 0.006931
1 1 235 26 9 0.007545
1 1 237 27 5 0.005705
1 1 237 28 11 0.008089
1 1 239 29 7 0.006509
1 1 239 30 8 0.007432
1 1 247 31 7 0.007414
1 1 247 32 7 0.005641
1 1 253 33 11 0.007599
1 1 253 34 9 0.00802
1 1 259 35 9 0.008019
1 1 259 36 7 0.00792
1 1 265 37 7 0.006054
1 1 265 38 8 0.008496
1 1 272 39 18 0.009233
0 1 278 40 80 0.022972
1 1 278 40 61 0.01935
1 1 278 41 37 0.01468
1 1 278 42 7 0.008267
1 1 286 43 43 0.016461
1 1 286 44 57 0.01999
1 1 286 45 37 0.01442
1 1 286 46 8 0.009218
0 1 286 47 66 0.021429
1 1 296 47 9 0.009205
1 1 296 48 9 0.009524
1 1 296 49 10 0.009714
1 1 309 50 6 0.008291
0 1 318 51 8 0.008652
0 1 318 51 9 0.009399
0 1 318 51 6 0.008165
1 1 323 51 7 0.009011
1 1 323 52 13 0.011545
1 1 323 53 13 0.010806
1 1 323 54 7 0.009851
1 1 348 55 10 0.011497
1 1 348 56 3 0.006271
1 1 348 57 10 0.011656
1 1 348 58 4 0.006559
1 1 355 59 8 0.010611
1 1 355 60 9 0.010642
1 1 355 61 7 0.009947
1 1 355 62 3 0.006484
1 1 363 63 6 0.010704
1 1 363 64 8 0.011548
1 1 368 65 8 0.011446
1 1 368 66 6 0.011429
0 1 381 67 9 0.012302
0 1 395 67 30 0.016873
1 1 418 67 23 0.01713
1 1 418 68 8 0.012792
1 1 435 69 12 0.015043
1 1 435 70 5 0.01077
1 1 448 71 10 0.014554
1 1 448 72 6 0.011754
1 1 448 73 6 0.012024
1 1 465 74 8 0.012785
1 1 475 75 7 0.013063
1 1 475 76 5 0.012283
1 1 475 77 6 0.012637
1 1 475 78 5 0.011539
1 1 481 79 6 0.013424
1 1 481 80 10 0.016537
1 1 481 81 5 0.012977
1 1 489 82 9 0.015055
1 1 489 83 8 0.015174
1 1 489 84 6 0.012864
1 1 503 85 11 0.015733
1 1 503 86 7 0.014512
1 1 503 87 8 0.015873
1 1 509 88 5 0.012747
1 1 509 89 5 0.015047
1 1 509 90 5 0.012973
1 1 509 91 5 0.009966
1 1 509 92 6 0.015093
1 1 513 93 5 0.013702
1 1 513 94 10 0.016039
1 1 513 95 12 0.01689
1 1 537 96 11 0.019001
1 1 545 97 8 0.014991
1 1 545 98 7 0.016292
1 1 545 99 7 0.014876
1 1 548 100 9 0.017914
1 1 548 101 7 0.016493
1 1 548 102 7 0.016151
1 1 551 103 8 0.016766
1 1 551 104 9 0.018172
1 1 551 105 6 0.016676
1 1 556 106 6 0.016208
1 1 556 107 6 0.011594
1 1 569 108 9 0.01813
1 1 569 109 5 0.012692
1 1 569 110 7 0.015733
1 1 578 111 5 0.01675
1 1 578 112 8 0.018575
1 1 578 113 11 0.020431
1 1 585 114 7 0.017224
1 1 585 115 4 0.015664
1 1 597 116 6 0.012333
1 1 613 117 7 0.016613
1 1 618 118 5 0.015459
1 1 618 119 7 0.016736
1 1 623 120 8 0.018925
0 1 623 121 6 0.017213
1 1 626 121 10 0.019762
1 1 626 122 4 0.01216
1 1 638 123 8 0.015833
1 1 644 124 6 0.019162
1 1 644 125 4 0.012532
1 1 644 126 8 0.020829
1 1 646 127 6 0.019503
1 1 646 128 7 0.020643
1 1 646 129 8 0.020889
1 1 661 130 6 0.017972
1 1 664 131 9 0.019344
1 1 664 132 10 0.023096
1 1 685 133 6 0.020183
1 1 685 134 5 0.019795
1 1 695 135 12 0.023403
1 1 695 136 12 0.025388
1 1 711 137 9 0.023034
1 1 711 138 7 0.020786
1 1 735 139 6 0.020041
1 1 735 140 10 0.0268
1 1 740 141 10 0.025663
1 1 740 142 8 0.024438
0 1 743 143 11 0.02542
1 1 743 143 10 0.02273
1 1 759 144 8 0.021885
1 1 773 145 17 0.030234
1 1 781 146 9 0.025795
1 1 781 147 7 0.023192
1 1 787 148 7 0.025328
1 1 802 149 6 0.023696
1 1 804 150 9 0.02578
1 1 809 151 8 0.026256
0 1 828 152 7 0.025855
1 1 836 152 7 0.026767
1 1 876 153 7 0.026792
1 1 878 154 7 0.027573
1 1 884 155 6 0.026901
0 1 885 156 9 0.027854
1 1 888 156 9 0.029384
1 1 888 157 10 0.031659
1 1 892 158 13 0.034275
1 1 904 159 7 0.028007
1 1 904 160 9 0.031391
1 1 910 161 6 0.025115
1 1 910 162 5 0.025
1 1 916 163 7 0.029622
1 1 916 164 6 0.026521
1 1 920 165 8 0.027836
1 1 920 166 5 0.025895
1 1 925 167 7 0.028405
1 1 928 168 8 0.028328
1 1 928 169 6 0.020272
1 1 934 170 7 0.031047
1 1 934 171 9 0.031606
1 1 934 172 4 0.018599
1 1 940 173 7 0.027904
1 1 940 174 6 0.02955
1 1 940 175 7 0.027869
1 1 940 176 6 0.026399
1 1 946 177 7 0.030209
1 1 946 178 9 0.031655
1 1 946 179 9 0.033234
1 1 957 180 8 0.032302
1 1 957 181 8 0.032286
1 1 957 182 6 0.028369
1 1 963 183 6 0.027444
1 1 963 184 11 0.033445
1 1 963 185 7 0.029639
1 1 963 186 7 0.0314
1 1 969 187 10 0.034741
1 1 969 188 5 0.031512
1 1 969 189 6 0.026684
1 1 969 190 6 0.028108
1 1 975 191 6 0.028316
1 1 975 192 7 0.032391
1 1 975 193 7 0.029749
1 1 984 194 6 0.027425
1 1 984 195 8 0.033285
1 1 984 196 5 0.025604
1 1 989 197 7 0.030441
1 1 989 198 7 0.029835
1 1 989 199 6 0.028487
1 1 989 200 4 0.020275
1 1 991 201 3 0.019638
1 1 991 202 7 0.030902
1 1 991 203 4 0.020297
1 1 991 204 7 0.03296
1 1 997 205 5 0.026459
1 1 997 206 8 0.032466
1 1 997 207 7 0.031476
1 1 1010 208 3 0.019873
1 1 1010 209 12 0.038762
1 1 1010 210 29 0.052696
0 1 1010 211 7 0.030037
0 1 1065 211 10 0.036532
0 1 1119 211 12 0.038623
0 1 1128 211 14 0.041521
0 1 1128 211 9 0.036186
0 1 1131 211 12 0.042195
0 1 1131 211 10 0.038835
0 1 1139 211 9 0.036874
0 1 1139 211 10 0.040348
0 1 1145 211 9 0.040333
0 1 1145 211 14 0.044742
1 1 17 0 6 0.000656
0 1 1156 212 20 0.050395
0 1 1156 212 16 0.046886
0 1 1156 212 16 0.046248
0 1 1156 212 17 0.044488
0 1 1169 212 20 0.047468
0 1 1169 212 16 0.048415
1 1 38 1 7 0.001227
1 1 41 2 8 0.001127
1 1 50 3 10 0.001566
1 1 160 4 9 0.003448
1 1 160 5 7 0.004269
1 1 160 6 7 0.004281
1 1 160 7 10 0.004776
0 1 160 8 7 0.003421
1 1 160 8 8 0.004115
1 1 160 9 5 0.003625
1 1 173 10 9 0.004855
1 1 173 11 9 0.004781
0 1 173 12 9 0.005233
0 1 1198 223 12 0.039093
1 1 188 12 14 0.006671
0 1 1198 224 18 0.046548
