1 1 4 0 9 0.001088
1 1 7 1 7 0.000921
1 1 11 2 10 0.001244
1 1 12 3 6 0.001329
1 1 5 0 12 0.00055
1 1 8 1 10 0.00073
1 1 11 0 10 0.000833
1 1 52 7 11 0.002176
1 1 53 8 12 0.002009
1 1 53 9 7 0.001711
1 1 54 10 8 0.001754
1 1 61 11 9 0.002114
1 1 65 12 10 0.002305
1 1 66 13 10 0.002373
1 1 18 0 8 0.000658
1 1 19 1 6 0.000506
1 1 24 2 7 0.000829
1 1 26 3 8 0.000905
1 1 5 0 7 0.00026
1 1 5 1 9 0.000322
1 1 8 2 6 0.000398
1 1 9 3 9 0.000466
1 1 39 8 6 0.001081
1 1 39 9 8 0.001439
1 1 39 10 6 0.001294
1 1 42 11 6 0.001497
1 1 43 12 6 0.001111
1 1 43 13 6 0.001486
1 1 47 14 8 0.00175
1 1 8 0 6 0.000374
1 1 11 1 5 0.000381
1 1 14 2 11 0.000602
1 1 15 3 8 0.000643
1 1 16 4 9 0.000775
1 1 17 5 8 0.000727
1 1 17 6 6 0.000535
1 1 17 7 11 0.000798
1 1 9 0 7 0.000401
1 1 13 1 9 0.000558
1 1 14 2 7 0.00058
1 1 14 3 9 0.000603
1 1 20 4 8 0.000776
1 1 41 13 7 0.001261
1 1 93 29 10 0.003708
1 1 93 30 7 0.003173
1 1 95 31 9 0.003584
1 1 95 32 10 0.0037
1 1 97 33 9 0.003619
1 1 97 34 6 0.002394
1 1 97 35 8 0.003579
1 1 98 36 7 0.003383
1 1 99 37 8 0.003669
1 1 99 38 11 0.003985
1 1 100 39 9 0.002798
1 1 101 40 9 0.0038
1 1 101 41 7 0.003683
1 1 101 42 7 0.003775
1 1 102 43 8 0.003948
1 1 102 44 8 0.003712
1 1 103 45 7 0.004857
1 1 103 46 6 0.003864
1 1 104 47 8 0.004099
1 1 104 48 7 0.003842
1 1 104 49 6 0.004013
1 1 111 50 8 0.004351
1 1 113 51 6 0.00426
1 1 8 0 6 0.00038
1 1 10 1 8 0.000475
1 1 13 2 6 0.000419
1 1 13 3 9 0.000583
1 1 16 4 7 0.000652
1 1 17 5 8 0.000728
1 1 24 6 10 0.000971
1 1 25 7 8 0.000983
1 1 25 8 10 0.001019
1 1 26 9 9 0.001147
1 1 26 10 9 0.001078
1 1 27 11 10 0.001119
1 1 28 12 10 0.001183
1 1 30 13 7 0.001189
1 1 30 14 7 0.001198
1 1 32 15 8 0.001317
1 1 35 16 5 0.001001
1 1 153 69 6 0.004151
1 1 154 70 7 0.005877
1 1 155 71 6 0.005864
1 1 156 72 9 0.006056
1 1 156 73 8 0.005707
1 1 158 74 8 0.006157
1 1 159 75 7 0.005915
1 1 159 76 9 0.006071
1 1 160 77 5 0.005294
1 1 160 78 9 0.006293
1 1 161 79 9 0.006333
1 1 161 80 9 0.006343
1 1 161 81 6 0.006198
1 1 163 82 8 0.006271
1 1 164 83 8 0.006328
1 1 165 84 11 0.007018
1 1 166 85 9 0.006551
1 1 6 0 8 0.000413
1 1 9 1 13 0.000477
1 1 18 2 7 0.000669
1 1 7 0 7 0.000349
1 1 7 1 8 0.000373
1 1 7 2 6 0.000372
1 1 9 3 8 0.000372
1 1 11 4 6 0.000518
1 1 13 5 8 0.000471
1 1 14 6 9 0.000643
1 1 14 7 9 0.000692
1 1 16 8 6 0.000535
1 1 19 9 10 0.00088
1 1 22 10 8 0.0009
1 1 24 11 7 0.001032
1 1 24 12 7 0.001128
1 1 27 13 7 0.001144
1 1 27 14 8 0.00117
1 1 28 15 8 0.001257
1 1 29 16 8 0.001215
1 1 4 0 7 0.000271
1 1 12 1 7 0.00051
1 1 20 2 9 0.000752
1 1 24 3 9 0.000827
1 1 25 4 6 0.000846
1 1 25 5 8 0.000927
1 1 33 6 7 0.001258
1 1 38 7 8 0.001367
1 1 102 28 7 0.003369
1 1 102 29 8 0.00357
1 1 104 30 8 0.003703
1 1 107 31 10 0.003854
1 1 108 32 7 0.003904
1 1 110 33 8 0.003952
1 1 110 34 8 0.003836
1 1 110 35 9 0.004128
1 1 111 36 8 0.003907
1 1 111 37 9 0.004042
1 1 112 38 10 0.004255
1 1 113 39 8 0.004137
1 1 114 40 8 0.004183
1 1 115 41 11 0.004367
1 1 116 42 8 0.003987
1 1 118 43 9 0.004307
1 1 118 44 9 0.004382
1 1 118 45 9 0.004455
1 1 120 46 8 0.004371
1 1 121 47 8 0.004315
1 1 121 48 8 0.004368
1 1 122 49 9 0.004698
1 1 122 50 9 0.00471
1 1 123 51 6 0.003113
1 1 124 52 6 0.004366
1 1 4 0 8 0.000307
1 1 130 54 12 0.005481
1 1 133 55 11 0.00531
1 1 134 56 6 0.004453
1 1 134 57 8 0.00509
1 1 135 58 9 0.005333
1 1 135 59 7 0.005092
1 1 137 60 6 0.004719
1 1 137 61 8 0.005069
1 1 139 62 8 0.005348
1 1 140 63 8 0.005173
0 0 385 164 33 0.023504
1 1 144 64 11 0.006007
1 1 145 65 7 0.005318
1 1 146 66 8 0.005505
1 1 147 67 8 0.005628
1 1 149 68 8 0.005704
1 1 150 69 5 0.004856
1 1 153 70 7 0.005354
1 1 153 71 11 0.00626
1 1 153 72 8 0.005648
1 1 154 73 9 0.006079
1 1 157 74 8 0.005951
0 0 157 75 30 0.009242
1 1 158 75 8 0.006058
1 1 158 76 6 0.005918
1 1 159 77 7 0.006159
1 1 159 78 10 0.006488
1 1 160 79 8 0.006307
1 1 160 80 11 0.006711
1 1 161 81 9 0.006634
1 1 162 82 8 0.006396
1 1 163 83 6 0.005885
1 1 5 0 5 0.00031
1 1 5 1 8 0.000321
1 1 6 2 6 0.000328
1 1 6 3 7 0.000356
0 0 342 174 53 0.027611
1 1 9 4 6 0.000725
1 1 4 0 7 0.000285
1 1 5 1 5 0.000308
1 1 6 0 7 0.000358
1 1 8 1 7 0.000311
0 0 447 193 37 0.029295
1 1 16 2 8 0.000725
0 0 209 94 24 0.010475
1 1 5 0 7 0.000326
1 1 8 1 8 0.00038
1 1 25 5 8 0.001134
1 1 25 6 6 0.000905
1 1 26 7 7 0.000977
1 1 26 8 7 0.000971
1 1 27 9 9 0.001152
0 0 388 187 179 0.076338
1 1 4 0 7 0.000429
1 1 38 11 11 0.001789
1 1 38 12 8 0.001548
1 1 38 13 9 0.001563
1 1 41 14 8 0.001192
1 1 42 15 9 0.001761
1 1 43 16 8 0.001757
1 1 44 17 9 0.001823
0 0 237 109 27 0.013733
1 1 49 18 8 0.002253
1 1 49 19 9 0.001985
1 1 49 20 7 0.00199
1 1 49 21 6 0.00206
1 1 50 22 7 0.001941
1 1 51 23 6 0.002041
1 1 51 24 10 0.002212
1 1 52 25 8 0.002208
1 1 52 26 10 0.00223
0 0 244 118 26 0.013759
1 1 4 0 6 0.000299
1 1 8 1 7 0.000385
1 1 10 2 5 0.000394
1 1 10 3 7 0.000389
1 1 69 31 8 0.002905
1 1 72 32 10 0.003011
1 1 73 33 13 0.003388
1 1 13 0 12 0.000573
1 1 88 35 9 0.00358
1 1 88 36 6 0.003123
1 1 88 37 9 0.003458
1 1 88 38 10 0.003627
1 1 91 39 10 0.003685
1 1 91 40 10 0.003598
1 1 93 41 9 0.003777
1 1 96 42 8 0.003812
1 1 96 43 11 0.004077
1 1 99 44 9 0.003982
1 1 99 45 9 0.004038
1 1 99 46 5 0.002635
1 1 100 47 8 0.004017
1 1 100 48 9 0.003874
1 1 102 49 7 0.004079
1 1 102 50 10 0.004317
1 1 102 51 6 0.00403
1 1 106 52 10 0.004414
1 1 107 53 9 0.004396
1 1 108 54 9 0.004478
1 1 108 55 5 0.004096
1 1 111 56 10 0.004727
1 1 113 57 15 0.00514
1 1 113 58 12 0.005017
1 1 114 59 7 0.004614
1 1 116 60 7 0.004726
1 1 117 61 10 0.004907
1 1 119 62 9 0.004994
1 1 120 63 10 0.005103
1 1 121 64 9 0.005178
1 1 122 65 7 0.004666
1 1 123 66 8 0.005148
1 1 124 67 11 0.005366
1 1 124 68 9 0.005401
1 1 124 69 7 0.005093
1 1 126 70 9 0.005347
1 1 127 71 9 0.005572
1 1 127 72 9 0.005375
1 1 127 73 11 0.005798
1 1 18 0 8 0.000668
1 1 18 1 7 0.000626
1 1 21 2 8 0.000761
1 1 23 3 8 0.000828
1 1 159 78 12 0.007166
1 1 166 81 10 0.006787
1 1 166 82 7 0.006454
1 1 166 83 12 0.007107
1 1 167 84 9 0.006831
1 1 173 85 8 0.006758
1 1 174 86 11 0.00745
1 1 177 87 8 0.006751
1 1 179 88 9 0.007286
1 1 182 89 9 0.007354
1 1 186 90 6 0.006996
1 1 187 91 7 0.007039
1 1 189 92 12 0.008134
1 1 192 93 8 0.00728
1 1 193 94 8 0.007247
1 1 194 95 7 0.007452
0 0 376 185 21 0.020069
1 1 8 0 7 0.000512
1 1 203 97 11 0.008712
1 1 204 98 7 0.007341
1 1 205 99 11 0.008289
1 1 206 100 10 0.008597
0 0 561 276 24 0.031432
1 1 215 101 11 0.008958
1 1 216 102 9 0.008924
1 1 216 103 11 0.009096
1 1 219 104 13 0.00941
1 1 219 105 12 0.009356
1 1 220 106 9 0.008673
1 1 221 107 10 0.008749
1 1 221 108 9 0.009054
1 1 222 109 8 0.008449
1 1 223 110 10 0.010481
1 1 223 111 8 0.008777
1 1 230 112 8 0.008998
1 1 231 113 7 0.008665
1 1 233 114 11 0.009727
1 1 235 115 9 0.009461
0 0 237 116 31 0.015268
1 1 4 0 5 0.000344
1 1 6 1 10 0.000368
0 0 246 118 39 0.015708
1 1 7 2 6 0.000405
1 1 10 3 7 0.000516
1 1 12 4 6 0.000502
1 1 14 5 7 0.000607
1 1 18 6 5 0.000547
1 1 259 123 12 0.011158
1 1 259 124 6 0.009738
1 1 260 125 11 0.010787
1 1 262 126 8 0.009986
1 1 263 127 7 0.009977
1 1 264 128 6 0.006944
1 1 266 129 10 0.010729
1 1 17 0 8 0.000667
1 1 18 1 6 0.000604
1 1 4 0 7 0.000264
1 1 5 1 6 0.000288
1 1 26 4 8 0.001151
0 0 475 224 36 0.032372
1 1 29 5 8 0.001287
1 1 29 6 9 0.001125
1 1 33 7 11 0.001276
1 1 33 8 7 0.001254
1 1 34 9 9 0.001279
1 1 34 10 7 0.001322
1 1 34 11 6 0.001236
1 1 36 12 8 0.001364
1 1 37 13 8 0.001584
1 1 38 14 6 0.001456
1 1 39 15 9 0.001616
1 1 45 16 8 0.001685
1 1 45 17 8 0.001766
1 1 49 18 7 0.001345
1 1 50 19 9 0.002085
1 1 51 20 8 0.002001
1 1 51 21 9 0.00209
1 1 55 22 8 0.002192
1 1 55 23 8 0.002234
1 1 56 24 9 0.002338
1 1 56 25 7 0.002159
1 1 58 26 7 0.002343
1 1 58 27 8 0.002321
1 1 58 28 9 0.002529
1 1 58 29 8 0.002423
1 1 60 30 7 0.00228
1 1 61 31 9 0.002611
1 1 62 32 9 0.002724
1 1 62 33 6 0.002498
1 1 62 34 8 0.002613
1 1 70 35 7 0.002023
1 1 70 36 8 0.00299
1 1 71 37 8 0.002922
1 1 72 38 6 0.002864
0 0 343 169 21 0.01807
1 1 351 169 11 0.01492
1 1 351 170 8 0.013339
1 1 354 171 6 0.012953
1 1 355 172 9 0.014314
1 1 356 173 11 0.014721
1 1 357 174 11 0.015219
1 1 358 175 8 0.013945
1 1 358 176 8 0.013797
1 1 360 177 8 0.014047
1 1 361 178 9 0.014481
1 1 4 0 6 0.000358
1 1 5 1 10 0.000328
0 0 397 181 23 0.021311
1 1 17 2 10 0.001216
0 0 409 182 26 0.023346
1 1 8 0 8 0.000481
1 1 32 4 9 0.001289
0 0 601 273 28 0.035989
1 1 41 5 9 0.001561
1 1 42 6 9 0.001497
1 1 43 7 10 0.00153
1 1 48 8 9 0.00174
1 1 49 9 9 0.001756
1 1 50 10 8 0.001792
1 1 54 11 6 0.001296
1 1 56 12 9 0.002015
1 1 58 13 8 0.001981
1 1 58 14 8 0.002086
1 1 59 15 8 0.002175
1 1 61 16 9 0.002241
1 1 4 0 7 0.000266
0 0 808 372 65 0.075969
0 0 822 372 46 0.064515
1 1 15 0 8 0.000795
1 1 15 1 8 0.000596
1 1 16 0 5 0.000414
1 0 930 389 36 0.058135
1 1 935 390 20 0.042058
0 0 935 391 24 0.047272
0 0 942 391 40 0.066359
0 0 944 391 30 0.055678
1 1 946 391 21 0.047051
1 1 948 392 23 0.049779
0 0 957 393 93 0.116623
1 1 960 393 20 0.04563
1 1 964 394 20 0.048692
1 1 965 395 15 0.044522
1 1 965 396 10 0.039566
1 1 966 397 9 0.039013
1 1 968 398 18 0.047686
0 0 969 399 27 0.057
1 1 971 399 17 0.045217
1 1 4 0 9 0.000504
1 1 8 1 8 0.000395
1 1 10 2 8 0.000452
1 1 10 3 10 0.000497
0 1 984 404 19 0.047306
0 1 985 404 19 0.049612
0 0 999 404 76 0.106589
0 1 1004 404 25 0.055017
0 0 1007 404 33 0.065243
0 0 1010 404 32 0.063978
0 0 6 0 39 0.000624
0 0 1013 404 51 0.079845
1 1 8 0 7 0.000569
1 1 9 1 9 0.000469
1 1 10 2 11 0.00048
1 1 11 3 8 0.000507
1 1 11 4 9 0.000521
1 1 4 0 8 0.000251
1 1 6 1 6 0.000307
1 1 14 2 9 0.000556
1 1 14 3 8 0.00058
1 1 29 9 10 0.001407
1 1 29 10 9 0.001297
1 1 29 11 6 0.001129
1 1 30 12 10 0.001242
1 1 30 13 10 0.001273
1 1 31 14 9 0.001337
0 0 1043 419 37 0.07137
0 0 1047 419 81 0.117307
1 1 37 15 8 0.001681
1 1 8 0 8 0.000383
1 1 10 1 7 0.00043
1 1 11 2 8 0.000477
0 0 1060 423 151 0.18751
1 1 63 19 9 0.003167
0 1 1068 424 21 0.050221
1 1 66 20 9 0.003163
1 1 68 21 6 0.002791
0 0 1076 426 49 0.082531
1 1 4 0 8 0.000578
1 1 1082 427 22 0.057654
1 1 1084 428 19 0.053637
0 0 1085 429 84 0.123865
1 1 1086 429 14 0.048026
0 1 1086 430 10 0.032313
0 1 1090 430 14 0.049203
0 1 1092 430 10 0.044669
0 1 1092 430 12 0.043487
0 1 1092 430 14 0.048886
1 1 7 0 9 0.000751
1 1 1094 431 21 0.056436
0 1 1108 432 12 0.046935
0 0 1111 432 214 0.266385
0 1 1116 432 16 0.052088
0 0 1116 432 35 0.071355
0 1 1119 432 15 0.049177
0 1 1120 432 16 0.051366
0 1 1122 432 14 0.046277
1 1 12 0 5 0.000694
1 1 1123 433 23 0.055549
1 1 1123 434 13 0.049475
1 1 1124 435 11 0.04631
1 1 1126 436 16 0.05251
0 1 1126 437 13 0.050738
1 1 1126 437 10 0.04141
0 1 1129 438 12 0.043583
1 1 1130 438 12 0.045112
0 1 1131 439 12 0.046022
0 1 1131 439 14 0.051292
1 1 1132 439 10 0.046901
0 1 1132 440 15 0.050918
0 1 1132 440 12 0.04916
1 1 1132 440 10 0.047085
0 0 1133 441 50 0.08671
0 1 1134 441 15 0.051825
1 1 1134 441 10 0.047928
0 1 1136 442 12 0.04773
1 1 1137 442 11 0.048279
0 1 1138 443 15 0.05165
1 1 1139 443 14 0.050511
0 1 1140 444 20 0.056979
0 1 1140 444 13 0.048873
0 1 1141 444 13 0.051957
1 1 1141 444 11 0.049358
0 1 1143 445 12 0.049102
0 1 1144 445 14 0.05202
0 1 1145 445 12 0.050119
0 1 1146 445 16 0.052811
0 1 1146 445 15 0.051636
0 1 1147 445 19 0.057593
1 1 1150 445 12 0.049793
0 1 1150 446 22 0.06458
1 1 1150 446 10 0.047539
0 1 1152 447 20 0.058957
0 1 1153 447 21 0.060701
0 0 1157 447 57 0.098011
0 1 1158 447 12 0.046418
1 1 1160 447 7 0.043804
0 1 1160 448 20 0.057731
0 0 1161 448 53 0.096751
1 1 1161 448 10 0.047159
1 1 8 0 7 0.000646
1 1 1169 450 21 0.056452
1 1 1171 451 7 0.041455
1 1 1172 452 6 0.0441
0 1 1172 453 21 0.061148
0 1 1176 453 20 0.057812
1 1 7 0 10 0.000726
0 1 1185 454 19 0.053471
1 1 11 1 9 0.000774
0 0 14 2 15 0.000571
1 1 5 0 9 0.000313
0 0 1199 456 50 0.099325
1 1 24 3 8 0.001405
0 1 1200 457 24 0.065716
0 1 1202 457 21 0.063421
1 1 27 4 7 0.001082
1 1 28 5 8 0.001113
0 1 1205 459 23 0.064696
1 1 35 6 10 0.001608
1 1 36 7 10 0.001368
0 1 1212 461 23 0.065064
1 1 40 8 8 0.001634
0 1 1223 462 26 0.068807
0 1 1230 462 29 0.073982
0 0 1231 462 28 0.071136
0 1 1231 462 29 0.073979
0 1 1233 462 29 0.073638
0 1 1234 462 25 0.068606
0 1 1234 462 25 0.06907
0 1 1235 462 29 0.073849
0 1 1236 462 29 0.074154
0 1 1236 462 28 0.0721
0 1 1237 462 29 0.074909
1 1 4 0 9 0.000645
0 1 1240 463 26 0.068899
0 1 1242 463 29 0.073634
0 1 1244 463 26 0.070412
0 1 1245 463 26 0.07054
0 1 1248 463 26 0.070077
0 1 1249 463 23 0.065886
0 1 1250 463 26 0.071484
1 1 5 0 7 0.000612
0 0 1252 464 28 0.071083
0 1 1252 464 30 0.074974
0 1 1252 464 27 0.071796
0 1 1254 464 25 0.069659
0 0 1257 464 26 0.069765
1 1 4 0 6 0.000627
1 1 9 1 7 0.000492
0 1 1265 466 21 0.06534
1 1 10 2 8 0.000847
1 1 12 3 8 0.000576
0 0 1269 468 29 0.076332
1 1 14 4 8 0.001046
1 1 101 16 8 0.003603
1 1 102 17 9 0.003444
1 1 102 18 11 0.003541
1 1 104 19 12 0.003624
0 0 1279 473 19 0.049418
0 0 1279 473 30 0.077883
1 1 108 20 10 0.004037
1 1 109 21 9 0.003653
1 1 111 22 10 0.003897
0 0 1288 476 41 0.091268
1 1 113 23 10 0.00421
0 0 1289 477 22 0.067831
1 1 115 24 10 0.004397
1 1 117 25 9 0.004012
1 1 118 26 6 0.003711
1 1 123 27 10 0.00423
1 1 124 28 10 0.00434
1 1 125 29 11 0.004477
1 1 125 30 6 0.003669
1 1 125 31 8 0.004355
1 1 126 32 8 0.004369
1 1 127 33 8 0.004322
1 1 128 34 10 0.004578
1 1 128 35 10 0.004599
1 1 130 36 9 0.00476
0 1 1305 490 25 0.072768
1 1 131 37 7 0.00461
1 1 134 38 9 0.004751
0 1 1312 492 23 0.070088
0 1 1313 492 20 0.061475
1 1 1316 492 22 0.069783
1 1 1318 493 10 0.054101
0 1 1319 494 21 0.068657
1 1 1320 494 9 0.051476
0 1 1320 495 23 0.071633
1 1 1323 495 15 0.059869
0 1 1324 496 22 0.070245
1 1 1326 496 9 0.052468
0 0 1327 497 58 0.109528
1 1 1327 497 6 0.050298
1 1 1327 498 7 0.051085
0 1 1328 499 22 0.070219
1 1 1329 499 10 0.05468
0 1 1329 500 23 0.072521
0 1 1330 500 20 0.067787
0 0 1330 500 31 0.079971
0 1 1330 500 23 0.071873
0 1 1332 500 19 0.068981
0 1 1332 500 24 0.076445
0 1 1333 500 18 0.067646
0 1 1334 500 19 0.067883
0 1 1334 500 21 0.068726
1 1 1335 500 9 0.049847
0 0 1336 501 53 0.101269
0 1 1338 501 20 0.068209
0 1 1339 501 18 0.066861
0 1 1339 501 18 0.066238
0 1 1339 501 22 0.071746
0 1 1340 501 22 0.070361
0 1 1340 501 20 0.069106
1 1 1340 501 9 0.052096
0 0 1341 502 37 0.091035
0 1 1342 502 19 0.067734
0 1 1346 502 15 0.056425
0 1 1346 502 8 0.053421
0 1 1350 502 18 0.066197
0 1 1351 502 14 0.061874
0 1 1353 502 15 0.059497
0 1 1354 502 14 0.060526
0 0 1357 502 50 0.097977
0 1 1357 502 13 0.059561
0 1 1360 502 10 0.055852
1 1 1360 502 13 0.059836
1 1 1362 503 9 0.056054
1 1 1373 504 11 0.058212
0 1 1376 505 15 0.063416
1 1 1377 505 6 0.045437
0 1 1377 506 12 0.059941
1 1 1377 506 8 0.054335
0 1 1383 507 16 0.064228
0 1 1384 507 17 0.066699
0 1 1387 507 16 0.065373
0 1 1387 507 15 0.064275
0 1 1388 507 14 0.062188
0 1 1392 507 12 0.060479
0 1 1394 507 16 0.066166
0 1 1396 507 18 0.068076
0 1 1397 507 13 0.059111
0 0 1397 507 30 0.084162
0 1 1400 507 13 0.063188
1 1 4 0 7 0.000687
0 1 1402 508 24 0.076757
0 1 1404 508 21 0.073337
1 1 4 0 8 0.000706
1 1 23 2 10 0.001301
0 0 1411 510 30 0.085217
1 1 24 3 11 0.001275
1 1 1416 511 21 0.074818
1 1 1416 512 11 0.060447
0 1 1416 513 15 0.064562
1 1 1417 513 9 0.055954
1 1 1418 514 9 0.054281
0 1 1419 515 16 0.064875
0 1 1421 515 14 0.06521
1 1 1422 515 8 0.054112
1 1 1423 516 8 0.054571
1 1 1423 517 7 0.055126
1 1 1423 518 10 0.058919
1 1 1424 519 9 0.057333
0 1 1434 520 16 0.067344
0 1 1436 520 17 0.069212
0 1 1437 520 13 0.062823
0 0 1439 520 34 0.09399
0 1 1441 520 17 0.062877
0 1 1442 520 16 0.067565
0 1 1443 520 15 0.062207
0 1 1443 520 16 0.066596
0 1 1444 520 18 0.066191
0 1 1445 520 15 0.063649
1 1 4 0 4 0.000576
0 1 1448 521 24 0.080653
0 1 1448 521 25 0.081579
0 1 1452 521 27 0.08516
0 1 1452 521 23 0.077108
0 1 1454 521 23 0.08203
0 1 1455 521 23 0.079403
0 1 1456 521 26 0.083542
1 1 1457 521 23 0.080093
0 1 1459 522 9 0.051143
0 1 1460 522 17 0.06946
0 1 1460 522 15 0.06621
1 1 1460 522 11 0.062843
0 1 1461 523 10 0.058397
0 1 1461 523 15 0.066574
1 1 1463 523 15 0.067424
1 1 1464 524 12 0.059889
1 1 1466 525 9 0.051353
1 1 1467 526 12 0.063406
0 1 1467 527 16 0.069093
1 1 1467 527 12 0.0641
0 1 1467 528 12 0.060766
0 1 1468 528 22 0.077114
1 1 1469 528 10 0.061161
1 1 1473 529 10 0.060589
1 1 1473 530 10 0.059745
1 1 1475 531 12 0.063557
1 1 1475 532 8 0.056172
1 1 1476 533 9 0.058854
0 1 1477 534 17 0.07016
1 1 1477 534 12 0.064218
1 1 1478 535 11 0.061272
0 1 1478 536 10 0.061784
1 1 1479 536 11 0.062741
1 1 1480 537 11 0.062456
0 0 1482 538 45 0.112428
0 0 1485 538 21 0.077155
0 0 1495 538 32 0.094097
0 0 1502 538 77 0.152431
0 0 1505 538 23 0.082192
1 1 4 0 9 0.000748
1 1 5 1 7 0.000313
1 1 14 2 9 0.000586
1 1 15 3 7 0.000693
1 1 24 4 9 0.000842
1 1 28 5 8 0.00101
1 1 32 6 9 0.00112
1 1 33 7 8 0.00115
1 1 33 8 7 0.001217
1 1 33 9 6 0.001122
1 1 34 10 6 0.001144
0 0 1532 549 58 0.126845
1 1 4 0 9 0.000662
1 1 8 1 7 0.000414
1 1 11 2 8 0.000476
1 1 11 3 6 0.000446
1 1 15 4 7 0.000602
1 1 52 16 9 0.002189
0 0 1550 555 61 0.141391
1 1 55 17 8 0.002457
1 1 55 18 10 0.002123
1 1 62 19 8 0.002264
1 1 64 20 8 0.00231
1 1 66 21 7 0.00248
0 0 1561 560 65 0.144058
1 1 4 0 6 0.000651
1 1 5 1 9 0.000349
1 1 6 2 10 0.000342
1 1 6 3 9 0.000339
1 1 11 4 6 0.000499
1 1 82 27 12 0.003541
1 1 82 28 9 0.003165
1 1 84 29 11 0.003329
1 1 86 30 10 0.003466
1 1 86 31 8 0.003013
1 1 94 32 10 0.003622
1 1 100 33 9 0.003795
1 1 1587 572 22 0.084745
1 1 1587 573 7 0.057235
1 1 1589 574 10 0.066585
1 1 1591 575 10 0.065633
0 1 1592 576 13 0.070097
1 1 1592 576 14 0.071495
1 1 1594 577 12 0.06947
0 1 1595 578 10 0.06664
1 1 1596 578 10 0.065699
0 0 1596 579 58 0.14297
1 1 1598 579 7 0.060698
1 1 1598 580 11 0.066603
1 1 1599 581 7 0.062152
1 1 1600 582 10 0.066681
1 1 1603 583 8 0.064386
1 1 1605 584 11 0.066643
0 0 1607 585 43 0.103799
1 1 1608 585 17 0.076739
1 1 1608 586 12 0.070147
1 1 1609 587 9 0.065062
1 1 1610 588 9 0.066383
1 1 1610 589 10 0.059735
1 1 1611 590 10 0.066119
1 1 1611 591 6 0.058048
1 1 1614 592 10 0.066015
1 1 1615 593 11 0.068793
1 1 1616 594 9 0.06503
0 0 1618 595 51 0.127714
1 1 1618 595 8 0.063137
1 1 1619 596 9 0.065907
1 1 1620 597 11 0.069305
1 1 1621 598 10 0.067531
1 1 1621 599 10 0.067295
1 1 1628 600 8 0.06597
1 1 1628 601 9 0.067101
1 1 1630 602 6 0.062376
1 1 1630 603 9 0.067465
1 1 1631 604 9 0.06422
0 0 1633 605 48 0.125418
1 1 1634 605 9 0.067897
0 0 1636 606 42 0.114777
1 1 1636 606 11 0.069233
1 1 1636 607 6 0.056938
1 1 1636 608 12 0.070626
1 1 1637 609 8 0.065221
1 1 1639 610 7 0.063011
1 1 1639 611 10 0.067272
1 1 1639 612 8 0.064008
1 1 1640 613 8 0.065119
1 1 1641 614 8 0.066207
1 1 1641 615 7 0.062275
1 1 1642 616 10 0.069308
1 1 1648 617 11 0.07061
1 1 1649 618 9 0.068054
1 1 1649 619 8 0.066911
1 1 1650 620 12 0.07199
1 1 1650 621 9 0.068965
1 1 1651 622 10 0.068734
1 1 1651 623 12 0.073938
1 1 1653 624 7 0.056487
0 0 1654 625 62 0.158944
1 1 1657 625 15 0.078947
1 1 1658 626 9 0.068291
1 1 1659 627 11 0.070725
0 0 1661 628 29 0.101019
0 0 1662 628 39 0.119787
1 1 1662 628 10 0.069287
1 1 1663 629 11 0.072379
1 1 1663 630 12 0.073987
1 1 1665 631 13 0.073743
1 1 1667 632 8 0.067694
1 1 1667 633 8 0.067277
1 1 1667 634 9 0.068647
1 1 1668 635 9 0.069614
1 1 1669 636 8 0.065615
0 0 1671 637 58 0.150543
1 1 1672 637 8 0.067376
1 1 1676 638 13 0.075469
1 1 1680 639 14 0.077912
1 1 1681 640 9 0.068019
0 0 1682 641 54 0.141263
1 1 1682 641 8 0.069027
1 1 1683 642 7 0.065456
1 1 1683 643 6 0.0651
1 1 1684 644 13 0.07582
1 1 1687 645 11 0.073835
1 1 1688 646 12 0.075328
1 1 1689 647 14 0.07796
0 1 1691 648 15 0.080051
0 1 1691 648 15 0.080987
1 1 1692 648 12 0.074818
1 1 1693 649 10 0.072248
1 1 1693 650 10 0.072593
1 1 1694 651 12 0.076032
1 1 1695 652 9 0.07035
1 1 1695 653 12 0.075078
0 1 1696 654 17 0.083926
1 1 1696 654 11 0.0755
1 1 1697 655 8 0.068812
1 1 1698 656 10 0.072637
1 1 1698 657 11 0.07522
1 1 1698 658 11 0.07477
1 1 1699 659 6 0.05774
0 1 1699 660 22 0.093526
1 1 1699 660 7 0.062555
0 1 1700 661 21 0.092707
0 1 1701 661 21 0.092899
1 1 1702 661 13 0.077684
0 1 1704 662 21 0.089646
1 1 1707 662 9 0.07105
0 1 1707 663 18 0.086863
1 1 1708 663 8 0.068303
1 1 1708 664 13 0.077705
0 0 1709 665 29 0.099724
0 0 1710 665 47 0.138747
1 1 1715 665 12 0.078856
1 1 1717 666 14 0.080589
1 1 1719 667 9 0.063119
0 0 1722 668 44 0.136139
1 1 1724 668 13 0.079616
1 1 1726 669 8 0.069816
1 1 1728 670 9 0.073821
1 1 1731 671 10 0.072045
1 1 1734 672 5 0.057465
1 1 1735 673 8 0.066132
1 1 1738 674 9 0.063887
0 1 1739 675 22 0.094848
1 1 1739 675 9 0.06665
1 1 1740 676 8 0.07116
0 1 1740 677 22 0.098223
0 0 1741 677 20 0.077321
1 1 1741 677 7 0.061067
0 1 1742 678 22 0.099872
0 1 1743 678 28 0.110105
1 1 1744 678 11 0.074441
1 1 1746 679 11 0.078821
1 1 1747 680 8 0.070105
0 0 1750 681 64 0.174466
1 1 1752 681 8 0.071093
1 1 1753 682 8 0.071113
0 1 1759 683 23 0.095826
0 1 1759 683 23 0.098047
1 1 1760 683 10 0.075499
1 1 1760 684 11 0.077539
0 0 1761 685 123 0.285444
1 1 1762 685 13 0.080703
0 0 1762 686 44 0.139464
1 1 1763 686 10 0.076667
0 0 1764 687 40 0.12868
1 1 1767 687 12 0.083918
0 1 1769 688 19 0.094985
1 1 1770 688 8 0.068764
0 1 1773 689 21 0.097677
1 1 1773 689 12 0.077536
1 1 1774 690 10 0.071706
0 1 1774 691 24 0.108391
0 1 1775 691 19 0.091767
0 1 1775 691 18 0.085267
1 1 1776 691 9 0.075339
0 1 1776 692 19 0.093923
1 1 1776 692 9 0.080405
0 0 1777 693 59 0.166686
0 0 1778 693 37 0.12814
0 1 1779 693 22 0.1006
1 1 1781 693 8 0.052676
1 1 1783 694 13 0.082787
1 1 1784 695 11 0.078124
1 1 1785 696 11 0.078652
1 1 1786 697 9 0.075846
1 1 1786 698 9 0.075973
1 1 1787 699 12 0.083356
1 1 1788 700 12 0.082895
1 1 1789 701 8 0.074056
1 1 1789 702 13 0.082259
1 1 1789 703 6 0.049897
1 1 1790 704 10 0.077541
1 1 1792 705 8 0.053362
1 1 1792 706 10 0.072864
1 1 1795 707 9 0.075518
1 1 1795 708 9 0.074203
1 1 1796 709 8 0.075372
1 1 1796 710 9 0.077504
0 0 1800 711 81 0.218893
1 1 1801 711 14 0.085667
1 1 1801 712 10 0.078326
1 1 1802 713 11 0.077092
0 0 1804 714 70 0.19559
1 1 1807 714 16 0.091517
1 1 1807 715 10 0.079735
1 1 1807 716 7 0.074346
1 1 1808 717 8 0.076106
0 0 1810 718 51 0.143737
0 0 1811 718 42 0.14352
0 1 1811 718 26 0.110982
1 1 1812 718 9 0.071535
1 1 5 0 10 0.000757
1 1 1819 720 21 0.102833
1 1 1821 721 7 0.0655
1 1 1822 722 10 0.079968
0 0 1825 723 33 0.125146
1 1 1827 723 9 0.076525
1 1 1828 724 5 0.069912
1 1 1831 725 7 0.07346
0 0 1831 726 54 0.16108
1 1 1832 726 8 0.075184
0 0 1833 727 55 0.169701
0 0 1841 727 66 0.199356
0 0 1841 727 13 0.089885
1 1 1843 727 9 0.079242
1 1 1843 728 6 0.066744
1 1 1844 729 8 0.073957
1 1 1846 730 8 0.075658
1 1 1848 731 10 0.080147
0 0 1848 732 57 0.174303
0 1 1848 732 80 0.226114
0 1 1848 732 75 0.205904
1 1 1849 732 7 0.07445
0 0 1853 733 81 0.224544
0 0 1853 733 27 0.117766
0 0 1857 733 42 0.144934
1 1 5 0 5 0.000752
1 1 5 1 7 0.000342
1 1 8 2 6 0.000369
1 1 8 3 7 0.000367
1 1 10 4 6 0.000363
1 1 11 5 7 0.000541
1 1 11 6 8 0.000545
1 1 13 7 7 0.000576
1 1 14 8 5 0.000594
0 0 1864 742 60 0.181722
1 1 1865 742 18 0.089278
0 0 1866 743 38 0.1229
1 1 1866 743 6 0.050995
0 1 1870 744 54 0.173658
0 1 1871 744 61 0.185407
0 1 1872 744 60 0.185973
0 1 1874 744 53 0.152366
0 1 1874 744 54 0.174021
0 1 1875 744 57 0.18132
0 1 1876 744 54 0.170379
0 1 1883 744 54 0.173357
0 1 1885 744 52 0.170091
0 0 1887 744 50 0.168447
0 1 1888 744 54 0.174347
0 1 1888 744 58 0.182693
0 1 1889 744 63 0.195648
0 1 1891 744 62 0.191927
0 1 1892 744 60 0.185791
0 1 1893 744 51 0.161504
0 1 1894 744 48 0.16184
0 1 1894 744 49 0.163519
0 1 1895 744 53 0.172628
0 1 1896 744 51 0.167935
0 0 1900 744 54 0.175
0 0 1900 744 47 0.159443
0 0 1901 744 48 0.16337
0 1 1901 744 52 0.168996
0 1 1901 744 51 0.171357
0 0 1902 744 55 0.180442
0 1 1904 744 51 0.161807
0 1 1904 744 58 0.185386
0 1 1905 744 57 0.182904
0 1 1906 744 46 0.160902
0 0 1906 744 36 0.133237
0 0 1908 744 34 0.133041
0 1 1908 744 49 0.166424
1 1 4 0 7 0.000728
0 1 1911 745 40 0.145168
0 1 1911 745 39 0.14286
0 1 1912 745 42 0.148893
0 1 1913 745 40 0.147767
0 1 1913 745 41 0.147794
0 1 1914 745 42 0.150238
0 1 1914 745 41 0.150041
0 1 1916 745 40 0.146704
0 1 1916 745 36 0.138279
0 0 1920 745 40 0.142962
0 0 1920 745 58 0.183098
0 1 1920 745 44 0.155844
0 1 1921 745 43 0.152867
1 1 37 1 6 0.00165
0 1 1923 746 37 0.141371
0 1 1924 746 36 0.138466
1 1 40 2 9 0.001803
0 1 1924 747 34 0.131848
1 1 42 3 10 0.001933
1 1 47 4 12 0.00167
0 1 1925 749 36 0.13958
1 1 48 5 9 0.002141
1 1 48 6 6 0.001697
1 1 50 7 9 0.001679
0 1 1932 752 35 0.136844
0 1 1932 752 34 0.125842
0 1 1933 752 36 0.139435
1 1 4 0 8 0.000745
1 1 5 1 6 0.000409
1 1 6 2 8 0.000365
1 1 57 11 10 0.00266
1 1 58 12 5 0.001763
1 1 70 13 6 0.002051
1 1 71 14 12 0.002539
1 1 71 15 6 0.002245
1 1 1943 760 22 0.107608
0 1 1944 761 72 0.218848
1 1 1944 761 9 0.083877
1 1 1945 762 9 0.082851
0 1 1945 763 105 0.288617
1 1 1945 763 7 0.077571
0 1 1946 764 51 0.163639
0 1 1947 764 92 0.253313
0 1 1947 764 50 0.160573
0 1 1948 764 53 0.163755
0 1 1949 764 38 0.143682
1 1 1950 764 8 0.080331
1 1 1950 765 9 0.083369
0 1 1950 766 34 0.131966
1 1 1952 766 10 0.082069
0 0 1955 767 36 0.13397
1 1 1956 767 6 0.06954
0 1 1958 768 29 0.124821
0 1 1963 768 27 0.120268
0 1 1963 768 26 0.119782
0 0 1964 768 56 0.184256
1 1 1964 768 11 0.088236
1 1 1968 769 6 0.072339
1 1 1968 770 12 0.090348
1 1 1968 771 8 0.08303
1 1 1968 772 8 0.082516
1 1 1969 773 8 0.073876
1 1 1970 774 9 0.082677
0 1 1970 775 23 0.11667
1 1 1972 775 11 0.088925
1 1 1973 776 7 0.080932
0 1 1975 777 36 0.142018
0 1 1976 777 47 0.168039
0 1 1977 777 35 0.143373
1 1 1977 777 9 0.086376
0 0 1979 778 23 0.116858
0 1 1980 778 49 0.166814
0 0 1980 778 41 0.151236
0 1 1981 778 37 0.144426
0 0 1982 778 26 0.117692
0 0 1984 778 62 0.199448
1 1 1988 778 11 0.085279
1 1 1990 779 8 0.082893
1 1 1991 780 7 0.077202
1 1 1991 781 8 0.081429
1 1 1991 782 8 0.083012
1 1 1991 783 10 0.087636
1 1 1993 784 7 0.080261
1 1 1993 785 7 0.077996
1 1 1997 786 7 0.078942
1 1 1999 787 6 0.069133
1 1 2000 788 9 0.085497
1 1 2002 789 10 0.085932
1 1 2002 790 8 0.080401
1 1 2003 791 7 0.080977
1 1 2003 792 8 0.083286
0 1 2004 793 26 0.111992
0 1 2007 793 27 0.126703
1 1 2007 793 10 0.089104
1 1 2011 794 12 0.092439
0 1 2011 795 27 0.124687
1 1 2013 795 6 0.077712
0 0 2016 796 66 0.212856
1 1 2017 796 11 0.090136
1 1 2019 797 7 0.081976
0 1 2019 798 24 0.120955
1 1 2020 798 9 0.086503
1 1 2020 799 8 0.083065
0 0 2021 800 86 0.265075
0 0 2022 800 50 0.180997
1 1 2023 800 6 0.081664
1 1 2025 801 5 0.078074
1 1 2025 802 13 0.094345
1 1 2025 803 8 0.083244
1 1 2027 804 7 0.081131
1 1 2027 805 10 0.088445
1 1 2027 806 9 0.087192
1 1 2027 807 11 0.091879
1 1 2028 808 10 0.09093
1 1 2032 809 12 0.095385
0 0 2033 810 52 0.183019
1 1 2035 810 11 0.093748
0 0 2035 811 43 0.165725
1 1 2036 811 10 0.090959
0 1 2036 812 26 0.125657
1 1 2036 812 7 0.079565
1 1 2036 813 7 0.084527
1 1 2037 814 11 0.092071
1 1 2038 815 8 0.083357
1 1 2038 816 10 0.091813
1 1 2040 817 10 0.089889
1 1 2041 818 7 0.076428
1 1 2041 819 8 0.08652
1 1 2042 820 9 0.080077
0 0 2043 821 22 0.117816
1 1 2044 821 8 0.086113
1 1 2044 822 9 0.088249
1 1 2045 823 8 0.087162
1 1 2045 824 7 0.08458
1 1 2047 825 9 0.08603
1 1 2047 826 9 0.086865
1 1 2051 827 13 0.097861
1 1 2052 828 10 0.094582
1 1 2054 829 6 0.08267
1 1 2055 830 6 0.081025
1 1 2056 831 7 0.086788
1 1 2057 832 6 0.085145
1 1 2057 833 10 0.092608
1 1 2058 834 8 0.08776
1 1 2060 835 6 0.081005
1 1 2061 836 9 0.090712
0 0 2064 837 88 0.284571
0 0 2064 837 33 0.145116
1 1 2066 837 14 0.102352
1 1 2067 838 13 0.09932
1 1 2067 839 10 0.09389
1 1 2067 840 9 0.094705
1 1 2069 841 9 0.092067
1 1 2069 842 10 0.093461
1 1 2070 843 10 0.083738
1 1 2070 844 12 0.095496
1 1 2071 845 9 0.090678
1 1 2072 846 13 0.092365
1 1 2076 847 11 0.096804
1 1 2076 848 6 0.082975
1 1 2079 849 14 0.101488
0 0 2080 850 42 0.17427
0 0 2080 850 23 0.121716
1 1 2080 850 7 0.085761
1 1 2080 851 8 0.089235
1 1 2081 852 9 0.089585
1 1 2082 853 9 0.088859
1 1 2082 854 10 0.09367
1 1 2083 855 6 0.058806
1 1 2086 856 10 0.093301
1 1 2086 857 11 0.092711
1 1 2087 858 7 0.084134
1 1 2088 859 10 0.091996
1 1 2089 860 10 0.093468
1 1 2090 861 8 0.089319
1 1 2090 862 7 0.082375
1 1 2094 863 10 0.09115
1 1 2096 864 13 0.100913
1 1 2096 865 8 0.090559
1 1 2098 866 12 0.102231
1 1 2099 867 8 0.089236
1 1 2099 868 10 0.09266
1 1 2099 869 8 0.091543
1 1 2099 870 10 0.095514
1 1 2100 871 7 0.080881
0 1 2100 872 18 0.116803
1 1 2101 872 12 0.102708
1 1 2101 873 9 0.095062
1 1 2102 874 9 0.095195
1 1 2103 875 12 0.102249
1 1 2104 876 9 0.083498
1 1 2104 877 8 0.082573
1 1 2105 878 7 0.090019
1 1 2105 879 7 0.089205
1 1 2106 880 12 0.102835
1 1 2107 881 9 0.093926
1 1 2107 882 9 0.083988
1 1 2108 883 13 0.104153
0 0 2109 884 49 0.170459
1 1 2109 884 11 0.101359
1 1 2112 885 9 0.09471
0 1 2113 886 17 0.113629
1 1 2114 886 10 0.098451
1 1 2116 887 10 0.096169
1 1 2116 888 12 0.102224
1 1 2116 889 8 0.07993
1 1 2117 890 11 0.099432
1 1 2117 891 9 0.095045
1 1 2117 892 9 0.094784
1 1 2117 893 10 0.097591
1 1 2118 894 12 0.10735
1 1 2118 895 13 0.103676
0 0 2118 896 37 0.165251
1 1 2120 896 11 0.100187
1 1 2121 897 12 0.101929
0 0 2123 898 43 0.171533
1 1 2123 898 9 0.092958
1 1 2124 899 14 0.109234
1 1 2124 900 13 0.103064
1 1 2126 901 13 0.104367
1 1 2128 902 12 0.103305
1 1 2128 903 12 0.099992
1 1 2130 904 17 0.115897
1 1 2130 905 10 0.098889
1 1 2131 906 9 0.092424
1 1 2133 907 14 0.109332
1 1 2133 908 8 0.093158
0 1 2134 909 11 0.103117
1 1 2134 909 13 0.106378
0 0 2134 910 45 0.181135
0 1 2136 910 19 0.121522
0 1 2136 910 15 0.102117
0 0 2137 910 48 0.180784
0 1 2137 910 17 0.114014
0 0 2138 910 70 0.276724
1 1 2139 910 14 0.111029
0 0 2140 911 116 0.382354
0 0 2142 911 23 0.134993
0 0 2143 911 31 0.147326
1 1 2144 911 9 0.093602
0 1 2148 912 17 0.11919
0 1 2149 912 13 0.105101
0 1 2149 912 15 0.114163
0 1 2149 912 14 0.108464
1 1 2152 912 10 0.087363
1 1 2153 913 12 0.105374
0 0 2155 914 233 0.762157
0 1 2155 914 18 0.120433
1 1 2156 914 6 0.077583
1 1 2156 915 7 0.081846
0 1 2157 916 19 0.124201
1 1 2157 916 8 0.096716
0 1 2159 917 15 0.113734
0 1 2160 917 17 0.119322
1 1 2160 917 13 0.108243
1 1 2161 918 10 0.100808
1 1 2161 919 13 0.109943
1 1 2163 920 10 0.101779
1 1 2164 921 13 0.109496
0 1 2166 922 10 0.091717
1 1 2166 922 9 0.086883
1 1 2166 923 9 0.100726
0 1 2166 924 18 0.124423
0 1 2167 924 13 0.109882
1 1 2168 924 10 0.103229
1 1 2169 925 12 0.104313
0 1 2170 926 17 0.120195
0 1 2171 926 20 0.129005
1 1 2171 926 8 0.097817
1 1 2171 927 10 0.099044
1 1 2172 928 10 0.103391
1 1 2174 929 11 0.104641
1 1 2174 930 9 0.099379
0 0 2175 931 14 0.110832
1 1 2175 931 10 0.099311
1 1 2176 932 8 0.096041
0 0 2177 933 70 0.25736
1 1 2177 933 10 0.102526
0 0 2178 934 19 0.123864
1 1 2178 934 8 0.094755
1 1 2179 935 7 0.092365
0 1 2181 936 14 0.113122
1 1 2182 936 9 0.097471
1 1 2183 937 12 0.107808
1 1 2183 938 6 0.090066
0 0 2184 939 19 0.126336
0 1 2184 939 9 0.096901
1 1 2185 939 10 0.101175
1 1 2188 940 12 0.10735
1 1 2191 941 8 0.09875
1 1 2191 942 8 0.095974
1 1 2193 943 8 0.096119
0 0 2193 944 43 0.197602
1 1 2193 944 7 0.094772
1 1 2194 945 11 0.105612
1 1 2194 946 8 0.095406
1 1 2195 947 9 0.100109
1 1 2196 948 10 0.103403
1 1 2196 949 10 0.103474
1 1 2197 950 10 0.102827
1 1 2199 951 11 0.109505
1 1 2199 952 10 0.104117
1 1 2200 953 9 0.102799
1 1 2206 954 13 0.112653
1 1 2206 955 9 0.095204
1 1 2206 956 7 0.092421
1 1 2207 957 6 0.065709
1 1 2207 958 9 0.097091
1 1 2208 959 12 0.111839
1 1 2208 960 11 0.104167
1 1 2209 961 6 0.090748
1 1 2211 962 16 0.120883
1 1 2212 963 5 0.079144
1 1 2214 964 9 0.100284
1 1 2214 965 7 0.088035
0 0 2215 966 26 0.147275
1 1 2217 966 8 0.098671
1 1 2217 967 14 0.117952
1 1 2219 968 8 0.098575
1 1 2221 969 10 0.10513
1 1 2221 970 10 0.103597
0 0 2222 971 23 0.145016
0 0 2222 971 57 0.240661
1 1 2223 971 9 0.10251
0 0 2224 972 61 0.25064
1 1 2224 972 6 0.083909
1 1 2225 973 12 0.109578
1 1 2225 974 8 0.09712
1 1 2225 975 7 0.090218
0 0 2226 976 54 0.231162
1 1 2226 976 10 0.104897
1 1 2227 977 8 0.099249
1 1 2227 978 7 0.090768
1 1 2228 979 8 0.095373
0 0 2230 980 39 0.19462
1 1 2233 980 8 0.100035
0 0 2233 981 56 0.253532
1 1 2235 981 9 0.103931
1 1 2235 982 10 0.1051
1 1 2237 983 6 0.094818
1 1 2238 984 9 0.103708
0 0 2238 985 87 0.319476
1 1 2239 985 10 0.102842
1 1 2239 986 10 0.10519
1 1 2239 987 7 0.096095
0 0 2249 988 23 0.142395
1 1 5 0 9 0.000869
1 1 8 1 5 0.000319
1 1 16 2 8 0.000581
0 0 2270 991 22 0.114122
0 0 2273 991 48 0.218134
0 0 2273 991 43 0.199474
1 1 8 0 7 0.000923
1 1 9 1 6 0.000393
0 0 2287 993 39 0.189313
1 1 2291 993 22 0.142237
1 1 2291 994 7 0.096687
1 1 2293 995 12 0.113082
0 0 2294 996 53 0.207706
0 0 2296 996 37 0.186592
1 1 2297 996 9 0.103045
1 1 2297 997 7 0.098017
1 1 2298 998 10 0.106571
1 1 2298 999 8 0.073107
0 0 2298 1000 27 0.153002
1 1 2299 1000 8 0.103275
0 0 2299 1001 58 0.251783
1 1 2299 1001 8 0.096898
0 0 2301 1002 60 0.253092
1 1 2303 1002 6 0.08932
1 1 2304 1003 8 0.10205
1 1 2307 1004 8 0.100312
0 0 2308 1005 74 0.291421
1 1 2309 1005 9 0.104073
0 0 2311 1006 53 0.243552
1 1 2315 1006 6 0.092677
0 0 2316 1007 50 0.232482
1 1 2318 1007 5 0.085195
1 1 2319 1008 9 0.105214
1 1 2321 1009 9 0.105856
1 1 2322 1010 8 0.102055
0 0 2325 1011 22 0.144253
1 1 2325 1011 9 0.105125
1 1 2327 1012 7 0.094146
0 0 2328 1013 97 0.365183
1 1 2332 1013 7 0.096483
0 0 2336 1014 51 0.235641
1 1 2338 1014 7 0.101761
1 1 2341 1015 8 0.103532
1 1 2346 1016 10 0.110822
1 1 2346 1017 9 0.10561
0 0 2357 1018 58 0.247299
1 1 2357 1018 7 0.099489
1 1 2358 1019 8 0.104747
1 1 2359 1020 8 0.100735
1 1 2363 1021 9 0.104715
1 1 2363 1022 8 0.103519
1 1 2367 1023 8 0.104343
1 1 2367 1024 10 0.111305
1 1 2367 1025 10 0.108518
1 1 2369 1026 7 0.102316
0 0 2371 1027 108 0.410239
1 1 2371 1027 8 0.10654
1 1 2374 1028 8 0.106396
0 0 2377 1029 74 0.29417
1 1 2379 1029 8 0.10399
1 1 2380 1030 8 0.105323
1 1 2381 1031 6 0.093984
1 1 2382 1032 10 0.113119
0 0 2384 1033 23 0.150615
1 1 2385 1033 9 0.108735
1 1 2385 1034 9 0.105232
1 1 2385 1035 7 0.102634
0 0 2387 1036 52 0.228568
0 0 2387 1036 53 0.233338
0 0 2388 1036 73 0.303697
1 1 2389 1036 8 0.102947
1 1 2389 1037 9 0.108836
1 1 2390 1038 8 0.105957
0 0 2396 1039 22 0.151125
1 1 2396 1039 11 0.112616
1 1 2398 1040 8 0.103559
1 1 2398 1041 8 0.103726
1 1 2398 1042 7 0.097841
1 1 2399 1043 9 0.107512
0 0 2399 1044 24 0.1591
1 1 2400 1044 7 0.105743
1 1 2400 1045 8 0.103161
1 1 2401 1046 6 0.096488
1 1 2401 1047 8 0.106664
1 1 2403 1048 13 0.122567
1 1 2404 1049 9 0.107372
0 0 2405 1050 50 0.23342
0 0 2405 1050 27 0.155592
1 1 2405 1050 8 0.105513
1 1 2406 1051 6 0.101934
1 1 2406 1052 5 0.099141
0 0 2408 1053 17 0.138878
0 0 2408 1053 64 0.282961
1 1 2409 1053 8 0.108365
1 1 2409 1054 5 0.086452
1 1 2409 1055 7 0.1012
1 1 2410 1056 5 0.091838
1 1 2410 1057 6 0.099529
1 1 2411 1058 10 0.114321
1 1 2412 1059 9 0.112819
1 1 2412 1060 6 0.102883
1 1 2412 1061 8 0.108271
1 1 2413 1062 7 0.103521
1 1 2413 1063 7 0.10489
1 1 2415 1064 7 0.105499
1 1 2417 1065 6 0.101907
1 1 2417 1066 10 0.11392
1 1 2418 1067 9 0.107639
0 0 2420 1068 36 0.197539
1 1 2422 1068 9 0.11438
1 1 2423 1069 6 0.098158
0 0 2423 1070 41 0.210391
1 1 2424 1070 9 0.112517
1 1 2424 1071 7 0.109757
1 1 2424 1072 7 0.102139
1 1 2424 1073 12 0.122189
1 1 2427 1074 6 0.10265
1 1 2427 1075 10 0.11769
1 1 2429 1076 9 0.114554
1 1 2430 1077 8 0.107331
1 1 2431 1078 7 0.107256
1 1 2431 1079 7 0.104355
1 1 2432 1080 8 0.108157
1 1 2435 1081 9 0.112703
1 1 2438 1082 7 0.076318
1 1 2439 1083 9 0.112308
0 0 2439 1084 46 0.222484
1 1 2440 1084 9 0.112189
0 0 2440 1085 49 0.234465
1 1 2440 1085 7 0.106972
1 1 2443 1086 7 0.107554
1 1 2444 1087 8 0.10372
1 1 2444 1088 7 0.10209
1 1 2445 1089 6 0.097373
1 1 2446 1090 8 0.109319
1 1 2454 1091 8 0.107271
1 1 2455 1092 7 0.107541
1 1 2456 1093 8 0.103167
1 1 2459 1094 9 0.116127
1 1 2459 1095 10 0.119082
1 1 2461 1096 7 0.107116
1 1 2461 1097 7 0.10207
1 1 2462 1098 8 0.107784
0 0 2462 1099 18 0.132611
0 0 2468 1099 22 0.155328
1 1 5 0 5 0.000882
1 1 6 1 8 0.000317
1 1 8 2 7 0.000345
1 1 8 3 7 0.000375
1 1 10 4 8 0.000463
1 1 10 5 7 0.000449
1 1 11 6 7 0.000519
1 1 11 7 10 0.000547
0 0 2478 1107 81 0.344923
0 0 2480 1107 20 0.14193
1 1 9 0 7 0.000966
0 0 2485 1108 28 0.175388
0 0 2486 1108 41 0.219376
1 1 13 1 9 0.001019
1 1 14 2 6 0.000403
1 1 15 3 8 0.000557
0 0 2492 1111 49 0.231772
1 1 16 4 8 0.001284
1 1 16 5 7 0.000635
1 1 18 6 8 0.000679
0 0 2500 1114 23 0.160888
1 1 4 0 9 0.000861
0 0 2508 1115 37 0.20975
0 0 2514 1115 50 0.240469
1 1 4 0 7 0.000863
1 1 4 0 8 0.000223
1 1 5 1 7 0.00024
1 1 4 0 5 0.000194
1 1 8 1 8 0.000337
1 1 8 2 6 0.000338
1 1 9 3 11 0.000417
1 1 9 4 8 0.000414
0 0 2533 1123 44 0.21549
1 1 35 8 9 0.002299
1 1 35 9 10 0.001388
1 1 36 10 5 0.001137
1 1 37 11 7 0.001348
1 1 39 12 9 0.001469
1 1 40 13 8 0.001581
1 1 41 14 9 0.001526
1 1 43 15 8 0.001697
1 1 43 16 7 0.001605
1 1 43 17 11 0.001787
1 1 44 18 7 0.00167
1 1 45 19 8 0.001396
1 1 46 20 9 0.001877
1 1 47 21 8 0.001873
0 0 2551 1137 24 0.165719
1 1 52 22 9 0.002739
1 1 52 23 7 0.002072
1 1 52 24 8 0.002165
1 1 53 25 10 0.002173
0 0 2555 1141 28 0.180901
1 1 54 26 7 0.002849
1 1 54 27 10 0.002401
1 1 55 28 6 0.001978
1 1 55 29 8 0.002163
0 0 2556 1145 22 0.151551
1 1 4 0 8 0.000851
1 1 6 1 7 0.000305
0 0 2565 1147 27 0.176936
1 1 4 0 6 0.000826
0 0 2580 1148 56 0.256995
1 1 5 0 8 0.000921
1 1 7 1 7 0.000352
1 1 8 2 9 0.000354
1 1 11 3 10 0.000491
1 1 13 4 8 0.00055
1 1 17 5 8 0.000658
1 1 18 6 9 0.000732
0 0 2597 1155 59 0.287335
1 1 8 0 6 0.000989
1 1 8 1 10 0.000374
1 1 9 2 6 0.000341
0 1 2606 1158 37 0.198462
0 0 2607 1158 20 0.157155
0 0 2608 1158 26 0.178284
0 0 2609 1158 56 0.278895
0 1 2609 1158 39 0.214091
0 1 2609 1158 35 0.193104
0 1 2609 1158 37 0.212332
0 1 2613 1158 31 0.186953
1 1 4 0 8 0.000874
0 1 2615 1159 33 0.201736
0 1 2616 1159 42 0.227019
0 1 2616 1159 34 0.197149
1 1 2617 1159 34 0.201598
1 1 2617 1160 25 0.169809
0 1 2622 1161 23 0.152179
0 1 2623 1161 23 0.167395
0 1 2623 1161 20 0.156787
0 0 2623 1161 92 0.39471
0 1 2624 1161 23 0.167909
0 1 2624 1161 25 0.172794
0 1 2625 1161 28 0.18577
0 0 2627 1161 46 0.222918
0 1 2627 1161 23 0.170424
0 1 2631 1161 25 0.174576
0 1 2628 1161 21 0.140608
0 0 2629 1161 25 0.167359
0 0 2631 1161 43 0.238063
0 1 2635 1161 27 0.181812
0 1 2636 1161 20 0.141398
0 0 2637 1161 41 0.231578
0 0 2638 1161 35 0.210078
1 0 2638 1161 39 0.210807
0 0 2639 1162 136 0.574264
0 0 2641 1162 104 0.440734
0 0 2642 1162 42 0.220619
1 1 4 0 7 0.001015
0 0 2643 1163 59 0.278012
0 0 2652 1163 79 0.365459
1 1 13 0 12 0.001382
0 0 2663 1164 99 0.438108
1 1 27 2 10 0.002179
1 1 27 3 9 0.001129
0 0 2669 1166 50 0.264883
1 1 2669 1166 44 0.226697
0 1 2671 1167 23 0.16344
0 0 2671 1167 46 0.239248
0 0 2671 1167 51 0.255289
0 1 2672 1167 28 0.189659
0 1 2672 1167 25 0.177446
0 1 2673 1167 24 0.169665
1 1 4 0 8 0.000993
0 0 2675 1168 45 0.23415
1 1 2678 1168 41 0.216836
1 1 2678 1169 37 0.211208
0 0 2683 1170 40 0.214632
1 1 5 0 10 0.00095
1 1 2686 1171 41 0.216174
0 0 2686 1172 44 0.23171
0 0 2687 1172 80 0.342428
1 1 2687 1172 13 0.138422
1 1 2688 1173 38 0.20874
1 1 2689 1174 40 0.219209
1 1 2691 1175 39 0.211546
1 1 2691 1176 13 0.13793
1 1 2691 1177 27 0.177925
1 1 2692 1178 35 0.199691
1 1 2698 1179 36 0.205285
1 1 2699 1180 36 0.200248
1 1 2700 1181 38 0.207805
1 1 2701 1182 27 0.162381
0 0 2702 1183 45 0.228752
1 1 2702 1183 11 0.134642
0 0 2702 1184 40 0.223886
1 1 2703 1184 19 0.155112
1 1 2703 1185 8 0.118749
1 1 2704 1186 22 0.166009
0 1 2707 1187 42 0.23044
0 1 2707 1187 44 0.226776
0 1 2707 1187 45 0.241578
0 1 2708 1187 40 0.223692
0 0 2708 1187 85 0.382876
0 1 2708 1187 39 0.217161
0 1 2708 1187 40 0.219414
0 1 2709 1187 45 0.236349
0 1 2709 1187 41 0.227229
0 1 2710 1187 41 0.226179
0 1 2711 1187 46 0.244762
0 1 2711 1187 43 0.234027
0 0 2711 1187 49 0.254089
0 1 2712 1187 43 0.233588
0 1 2712 1187 41 0.233038
0 1 2715 1187 38 0.21923
0 1 2718 1187 41 0.225801
0 1 2719 1187 43 0.232821
1 1 5 0 8 0.000946
1 1 6 1 8 0.000323
1 1 8 2 8 0.000364
1 1 9 3 8 0.000428
1 1 10 4 7 0.00045
0 1 2723 1192 56 0.272797
0 1 2723 1192 56 0.278024
0 0 2723 1192 45 0.224642
0 0 2726 1192 44 0.234523
0 1 2727 1192 45 0.242333
0 0 2730 1192 53 0.268999
0 1 2734 1192 37 0.194957
0 0 2737 1192 52 0.2607
0 0 2739 1192 54 0.27307
0 1 2740 1192 51 0.259453
0 1 2741 1192 46 0.241782
1 1 16 0 7 0.001241
1 1 2744 1193 43 0.233287
1 1 2744 1194 36 0.205169
1 1 2745 1195 40 0.216737
1 1 2748 1196 36 0.197187
0 0 2750 1197 84 0.395761
1 1 2752 1197 34 0.200239
1 1 2752 1198 37 0.197802
0 1 2753 1199 38 0.209843
1 1 2754 1199 39 0.212932
1 1 2754 1200 38 0.212779
1 1 2756 1201 37 0.200219
0 1 2759 1202 47 0.249492
0 0 2760 1202 47 0.255561
0 1 2760 1202 48 0.252857
1 1 2760 1202 32 0.172821
1 1 2762 1203 41 0.231393
1 1 2766 1204 38 0.217046
0 1 2768 1205 44 0.225441
1 1 2771 1205 28 0.185418
1 1 2771 1206 39 0.214281
1 1 2771 1207 33 0.197939
1 1 2774 1208 31 0.169942
1 1 2775 1209 39 0.215695
0 0 2776 1210 44 0.221497
1 1 2777 1210 33 0.198953
1 1 2779 1211 41 0.226409
1 1 2779 1212 36 0.19429
0 0 2779 1213 33 0.216493
1 1 2779 1213 34 0.193276
1 1 2779 1214 35 0.189083
1 1 2779 1215 35 0.188035
1 1 2781 1216 37 0.212602
1 1 2781 1217 35 0.207096
0 0 2784 1218 70 0.349783
0 1 2784 1218 46 0.245751
0 1 2784 1218 51 0.266418
0 0 2785 1218 48 0.254168
0 1 2785 1218 44 0.238429
1 1 2786 1218 34 0.200567
1 1 2787 1219 39 0.219872
1 1 2788 1220 37 0.211758
0 1 2788 1221 44 0.241405
1 1 2789 1221 40 0.222447
1 1 2789 1222 41 0.225969
1 1 2790 1223 41 0.227772
1 1 2791 1224 40 0.221777
0 1 2795 1225 48 0.251242
0 0 2796 1225 46 0.252721
0 1 2797 1225 41 0.233128
0 1 2798 1225 38 0.227198
0 1 2798 1225 44 0.241626
0 0 2799 1225 46 0.247067
0 1 2799 1225 43 0.251302
0 1 2800 1225 34 0.199253
0 1 2801 1225 43 0.241423
0 1 2802 1225 43 0.232378
0 0 2803 1225 47 0.239889
0 0 2803 1225 39 0.228934
0 1 2805 1225 43 0.237351
1 1 10 0 9 0.001173
0 0 2805 1226 51 0.267545
0 1 2808 1226 45 0.244586
1 1 2808 1226 42 0.212311
0 1 2808 1227 40 0.224188
0 0 2809 1227 79 0.382464
1 1 2810 1227 39 0.220635
1 1 2810 1228 40 0.224641
0 0 2811 1229 36 0.212588
0 1 2812 1229 40 0.225287
0 1 2815 1229 44 0.244277
0 1 2813 1229 37 0.21867
0 1 2815 1229 47 0.253522
0 1 2815 1229 47 0.253728
0 1 2816 1229 46 0.254265
0 1 2817 1229 39 0.226546
0 1 2817 1229 45 0.248161
0 1 2818 1229 38 0.22265
0 1 2819 1229 41 0.228767
1 1 4 0 9 0.001062
0 0 2820 1230 44 0.236406
0 0 2820 1230 47 0.253795
1 1 7 1 5 0.001007
1 1 8 2 7 0.000371
1 1 9 3 8 0.00042
0 0 2825 1233 30 0.209314
0 0 2826 1233 45 0.252886
1 1 11 4 8 0.001226
0 0 2827 1234 40 0.230412
0 0 2828 1234 47 0.255427
1 1 4 0 5 0.000933
1 1 5 1 9 0.000329
1 1 6 2 7 0.000346
0 0 2834 1237 50 0.277682
1 1 7 3 10 0.001099
0 0 2835 1238 58 0.297095
0 0 2838 1238 50 0.263459
1 1 4 0 5 0.000925
0 0 2838 1239 50 0.263261
0 0 2840 1239 48 0.254682
0 0 2843 1239 42 0.233664
0 1 2845 1239 50 0.262929
0 1 2845 1239 51 0.27285
1 1 4 0 11 0.001053
0 1 2848 1240 57 0.293679
0 1 2848 1240 46 0.255792
1 1 7 1 7 0.001064
0 1 2849 1241 49 0.264616
0 0 2850 1241 50 0.272038
0 0 2851 1241 44 0.250879
0 1 2856 1241 51 0.272199
0 1 2857 1241 57 0.294144
1 1 6 0 6 0.001022
0 0 2860 1242 68 0.331631
0 1 2860 1242 53 0.279862
1 1 9 1 6 0.001095
1 1 10 2 9 0.00042
0 0 2864 1244 45 0.24979
1 1 11 3 6 0.001151
1 1 11 4 8 0.000376
1 1 12 5 7 0.000381
0 1 2865 1247 52 0.26851
1 1 12 6 8 0.001261
0 0 24 9 57 0.001978
0 1 2866 1248 53 0.282036
0 1 2868 1248 46 0.253906
0 1 2868 1248 44 0.250128
0 0 18 7 15 0.001624
0 0 2871 1248 47 0.241822
0 1 2872 1248 47 0.244333
1 1 30 9 9 0.002417
0 1 2872 1249 45 0.25036
0 1 2874 1249 47 0.255955
0 0 2874 1249 53 0.275359
0 1 2875 1249 43 0.244084
0 1 2876 1249 43 0.244768
0 1 2877 1249 46 0.253239
0 1 2879 1249 40 0.210956
0 1 2879 1249 49 0.262784
0 1 2879 1249 51 0.27241
0 1 2880 1249 47 0.237156
0 0 2881 1249 46 0.25217
0 1 2881 1249 41 0.222934
0 1 2882 1249 50 0.269393
0 1 2882 1249 54 0.284339
0 1 2883 1249 51 0.27046
0 0 2883 1249 74 0.353025
0 0 2883 1249 65 0.323606
0 1 2884 1249 52 0.271873
0 1 2884 1249 54 0.281264
0 1 2886 1249 51 0.275821
0 1 2886 1249 47 0.260872
0 1 2887 1249 47 0.260695
0 1 2888 1249 52 0.278746
0 1 2891 1249 46 0.257021
0 0 2892 1249 82 0.402223
0 0 2893 1249 84 0.396442
0 0 2895 1249 41 0.237679
1 1 4 0 6 0.000955
1 1 7 1 5 0.000251
0 1 2904 1251 51 0.271331
1 1 13 2 7 0.001242
0 0 2905 1252 47 0.254832
1 1 14 3 7 0.001253
1 1 16 4 6 0.000585
0 1 2910 1254 46 0.255286
0 1 2910 1254 53 0.280003
0 1 2911 1254 50 0.271378
0 1 2915 1254 42 0.235164
1 1 24 5 8 0.001582
1 1 25 6 10 0.000971
1 1 25 7 8 0.000917
1 1 26 8 8 0.000963
1 1 27 9 10 0.00113
1 1 27 10 8 0.001031
1 1 27 11 9 0.001051
0 0 2920 1261 59 0.305738
1 1 29 12 8 0.002016
0 1 2927 1262 52 0.274667
0 1 2928 1262 51 0.276663
1 1 39 13 7 0.002205
0 1 2928 1263 49 0.270628
0 0 2929 1263 41 0.241696
1 1 41 14 8 0.002296
1 1 45 15 7 0.001624
1 1 45 16 11 0.001817
1 1 46 17 7 0.001837
0 0 2935 1267 58 0.303969
1 1 46 18 9 0.002647
1 1 48 19 6 0.001275
1 1 50 20 6 0.00176
1 1 50 21 9 0.001944
1 1 51 22 10 0.002074
1 1 51 23 9 0.002102
1 1 52 24 7 0.002058
1 1 54 25 9 0.002176
1 1 54 26 9 0.002209
0 0 2945 1276 52 0.280985
0 0 2945 1276 51 0.286166
1 1 7 0 7 0.000993
1 1 8 1 5 0.000276
1 1 10 2 7 0.000303
1 1 11 3 7 0.000456
1 1 11 4 7 0.000431
1 1 12 5 8 0.000517
0 0 2958 1282 64 0.322935
1 1 13 6 9 0.001324
1 1 14 7 7 0.000593
1 1 15 8 9 0.000669
1 0 2962 1285 46 0.26206
0 0 2964 1286 47 0.274287
0 0 2964 1286 53 0.279793
1 1 4 0 8 0.000931
0 0 2969 1287 77 0.388253
1 1 5 1 9 0.001007
1 1 6 2 7 0.000308
1 1 6 3 6 0.000225
0 0 2972 1290 146 0.668777
1 1 8 4 10 0.001164
0 0 2974 1291 47 0.283471
1 1 4 0 6 0.000938
1 1 18 6 11 0.001208
1 1 18 7 8 0.00078
1 1 18 8 5 0.000502
1 1 19 9 9 0.000794
1 1 19 10 8 0.000817
1 1 21 11 8 0.000904
0 0 2990 1298 48 0.26854
0 0 3007 1298 37 0.22469
0 0 3007 1298 42 0.252039
1 1 8 0 6 0.00105
1 1 11 1 9 0.000435
1 1 12 2 6 0.000411
1 1 13 3 5 0.00035
0 0 3012 1302 58 0.321695
0 0 3013 1302 39 0.254512
0 0 3022 1302 58 0.311234
1 1 17 0 11 0.001452
1 1 18 1 8 0.000651
0 0 3031 1304 72 0.363385
1 1 20 2 8 0.001261
0 0 3037 1305 42 0.233364
1 1 7 0 10 0.001038
1 1 14 1 7 0.000493
0 0 3049 1307 137 0.62535
1 0 3051 1307 43 0.262813
0 0 3053 1308 28 0.212377
0 0 3054 1308 45 0.259839
0 0 3055 1308 79 0.402959
1 1 3057 1308 41 0.24356
1 1 3058 1309 41 0.245657
1 1 3059 1310 35 0.215331
1 1 3060 1311 34 0.206566
0 0 3060 1312 40 0.249761
1 1 3061 1312 39 0.242518
0 0 3062 1313 57 0.31477
1 1 3062 1313 43 0.257136
0 0 3062 1314 44 0.258836
1 1 3063 1314 36 0.229687
0 0 3064 1315 161 0.711315
0 0 3066 1315 24 0.202984
0 0 3072 1315 49 0.275275
0 0 3078 1315 100 0.49499
0 0 3082 1315 52 0.293596
0 0 3083 1315 63 0.342667
0 0 3087 1315 51 0.292782
0 0 3087 1315 44 0.286114
0 0 3088 1315 96 0.482826
1 1 3092 1315 39 0.238599
1 1 3094 1316 35 0.224603
1 1 3094 1317 28 0.203913
0 0 3096 1318 28 0.212787
0 0 3097 1318 42 0.249048
1 1 3103 1318 24 0.199739
0 0 3103 1319 41 0.249383
1 1 3104 1319 29 0.209861
0 0 3109 1320 43 0.253607
1 1 3111 1320 40 0.245432
1 1 3112 1321 13 0.158137
0 0 3113 1322 22 0.185959
0 0 3114 1322 116 0.55862
0 0 3118 1322 84 0.443276
1 1 6 0 7 0.00105
1 1 9 1 8 0.000413
0 0 3129 1324 41 0.261842
0 0 3130 1324 60 0.331629
1 1 4 0 8 0.000983
0 0 3135 1325 43 0.251991
0 0 3136 1325 54 0.304572
1 1 15 1 7 0.001283
1 1 26 4 10 0.001323
1 1 26 5 7 0.000922
1 1 26 6 6 0.000762
1 1 26 7 7 0.000878
1 1 29 8 9 0.001008
1 1 29 9 8 0.001028
0 0 3143 1332 52 0.299826
1 1 31 10 9 0.001944
1 1 3149 1333 48 0.28591
1 1 3149 1334 26 0.204744
1 1 3150 1335 12 0.157539
0 0 3150 1336 41 0.264504
1 1 3151 1336 37 0.237629
1 1 3156 1337 34 0.231904
1 1 3156 1338 15 0.166085
1 1 3157 1339 33 0.224359
1 1 3157 1340 23 0.190402
1 1 3157 1341 11 0.153219
1 1 3158 1342 13 0.160569
1 1 3158 1343 36 0.217676
0 0 3159 1344 44 0.271752
1 1 3159 1344 7 0.123325
1 1 3159 1345 39 0.245001
1 1 3160 1346 12 0.157019
1 1 3160 1347 40 0.250603
1 1 3161 1348 20 0.185109
1 1 3161 1349 23 0.193573
1 1 3163 1350 22 0.192501
1 1 3165 1351 38 0.246656
1 1 3168 1352 36 0.239636
1 1 3170 1353 23 0.188009
1 1 3171 1354 33 0.220829
1 1 3171 1355 11 0.153617
1 1 3172 1356 12 0.157651
1 1 3175 1357 32 0.211607
1 1 3178 1358 13 0.162474
1 1 3178 1359 32 0.206084
1 1 3178 1360 37 0.221198
1 1 3179 1361 17 0.153482
1 1 3179 1362 12 0.155823
1 1 3182 1363 37 0.23925
1 1 3183 1364 39 0.250342
1 1 3183 1365 37 0.236148
1 1 3184 1366 38 0.24544
1 1 3184 1367 35 0.234881
1 1 3184 1368 15 0.165718
1 1 3185 1369 37 0.24292
0 0 3186 1370 50 0.291682
1 1 3186 1370 30 0.220302
0 0 3186 1371 47 0.288105
0 0 3188 1371 60 0.34022
1 1 3188 1371 38 0.24627
1 1 3189 1372 36 0.239102
1 1 3191 1373 37 0.244444
0 0 3192 1374 31 0.234343
0 0 3193 1374 39 0.268958
1 1 3193 1374 35 0.238958
1 1 3194 1375 20 0.17654
1 1 3195 1376 18 0.172321
1 1 3195 1377 38 0.250932
1 1 3196 1378 15 0.170565
1 1 3197 1379 32 0.201982
1 1 3197 1380 8 0.144997
1 1 3197 1381 23 0.202478
1 1 3197 1382 40 0.258222
1 1 3197 1383 11 0.15794
1 1 3199 1384 34 0.222967
0 0 3199 1385 48 0.307492
1 1 3200 1385 14 0.168656
0 0 3202 1386 45 0.296503
1 1 3202 1386 14 0.16973
1 1 3203 1387 36 0.240688
1 1 3204 1388 38 0.236491
0 0 3205 1389 93 0.481569
1 1 3206 1389 11 0.155649
1 1 3207 1390 37 0.243707
1 1 3207 1391 9 0.132239
0 0 3207 1392 103 0.525484
1 1 3208 1392 34 0.216164
1 1 3209 1393 41 0.261491
1 1 3209 1394 39 0.255992
1 1 3211 1395 39 0.256296
1 1 3212 1396 15 0.174328
1 1 3212 1397 31 0.2282
1 1 3213 1398 39 0.252827
1 1 3214 1399 18 0.184619
1 1 3216 1400 37 0.248135
0 0 3217 1401 47 0.283483
1 1 3218 1401 8 0.149611
1 1 3220 1402 11 0.155894
0 0 3221 1403 53 0.314506
1 1 3221 1403 14 0.172397
1 1 3221 1404 11 0.159388
1 1 3222 1405 11 0.159184
0 0 3224 1406 23 0.202369
1 1 3224 1406 7 0.143699
1 1 3224 1407 7 0.136124
1 1 3224 1408 7 0.14196
1 1 3226 1409 12 0.162261
0 0 3227 1410 39 0.261224
1 1 3227 1410 9 0.134734
1 1 3228 1411 33 0.231642
1 1 3229 1412 31 0.228498
1 1 3229 1413 34 0.236822
1 1 3229 1414 26 0.211376
1 1 3230 1415 14 0.167174
1 1 3234 1416 32 0.230061
0 0 3235 1417 57 0.342538
1 1 3236 1417 36 0.238117
1 1 3236 1418 34 0.225817
1 1 3236 1419 35 0.243716
1 1 3236 1420 16 0.175549
0 0 3238 1421 89 0.468295
1 1 3238 1421 35 0.237961
0 0 3239 1422 49 0.329251
1 1 3240 1422 39 0.260408
0 1 3240 1423 22 0.20092
0 1 3241 1423 23 0.20993
0 1 3242 1423 34 0.221269
0 1 3243 1423 39 0.259432
1 1 3245 1423 43 0.269509
1 1 3245 1424 37 0.246089
1 1 3246 1425 37 0.243595
1 1 3248 1426 38 0.262061
1 1 3248 1427 31 0.226178
1 1 3250 1428 33 0.210947
1 1 3251 1429 38 0.240806
1 1 3251 1430 38 0.252155
1 1 3252 1431 36 0.248725
1 1 3252 1432 39 0.257943
1 1 3252 1433 13 0.169848
0 0 3254 1434 37 0.273113
0 0 3254 1434 47 0.300993
0 0 3257 1434 26 0.205336
0 1 3260 1434 51 0.307895
1 1 5 0 7 0.001098
1 1 5 1 7 0.000245
1 1 7 2 8 0.00031
1 1 8 3 5 0.000318
1 1 9 4 7 0.000391
1 1 10 5 6 0.000428
1 1 10 6 9 0.000476
0 0 3265 1441 58 0.3342
1 1 11 7 7 0.001409
1 1 12 8 4 0.000394
1 1 12 9 7 0.000606
0 0 3269 1444 53 0.333997
0 1 3270 1444 46 0.287338
0 1 3274 1444 41 0.25328
0 1 3274 1444 51 0.31149
0 1 3277 1444 44 0.284113
1 1 4 0 7 0.001072
1 1 10 1 8 0.000365
1 1 10 2 9 0.000392
0 1 3281 1447 47 0.295124
1 1 11 3 6 0.001257
0 0 3281 1448 36 0.265017
1 1 11 4 7 0.001248
0 1 3281 1449 45 0.283546
0 0 3283 1449 45 0.314084
1 1 29 15 9 0.002528
1 1 3284 1450 47 0.299843
0 1 3285 1451 41 0.264251
0 0 3285 1451 38 0.276277
1 1 3285 1451 16 0.177654
0 1 3286 1452 37 0.251071
0 1 3286 1452 44 0.29389
1 1 3286 1452 40 0.277264
1 1 3287 1453 35 0.249496
0 1 3288 1454 44 0.287019
1 1 3288 1454 41 0.292936
0 1 3289 1455 36 0.280295
0 1 3289 1455 37 0.240811
0 0 3290 1455 46 0.307509
0 1 3291 1455 37 0.244461
0 1 3292 1455 36 0.261591
0 1 3294 1455 35 0.269049
0 0 3296 1455 45 0.298419
0 1 3297 1455 42 0.274546
1 1 4 0 6 0.001206
0 1 3300 1456 52 0.323551
0 1 3300 1456 53 0.333883
0 1 3301 1456 49 0.314411
0 1 3302 1456 53 0.318497
0 1 3302 1456 46 0.293965
1 1 14 1 7 0.001375
0 1 3305 1457 47 0.294207
1 1 3306 1457 50 0.309056
1 1 3308 1458 36 0.252415
0 0 3310 1459 63 0.364335
1 1 3313 1459 6 0.101803
0 0 3314 1460 55 0.338818
1 1 3314 1460 9 0.149797
0 1 3316 1461 36 0.2484
1 1 3317 1461 15 0.171952
1 1 3318 1462 8 0.144357
1 1 3318 1463 8 0.146536
1 1 3318 1464 8 0.148778
1 1 3318 1465 14 0.175337
1 1 3319 1466 12 0.169314
1 1 3320 1467 12 0.163774
1 1 3320 1468 15 0.172691
0 0 3323 1469 45 0.315869
1 1 4 0 7 0.001061
1 1 5 1 7 0.000236
1 1 3327 1471 45 0.280361
1 1 3327 1472 13 0.174437
1 1 3328 1473 9 0.161886
1 1 3329 1474 7 0.162799
1 1 3329 1475 9 0.162969
1 1 3330 1476 8 0.16916
1 1 3331 1477 6 0.150915
1 1 3331 1478 8 0.168935
1 1 3332 1479 7 0.167141
0 0 3334 1480 55 0.422454
1 1 3336 1480 9 0.192646
0 0 3338 1481 38 0.3723
0 0 3339 1481 74 0.601713
0 0 3340 1481 50 0.386694
0 0 3343 1481 58 0.459146
0 0 3343 1481 25 0.247833
0 0 3343 1481 67 0.506321
0 0 3345 1481 43 0.304364
1 1 3352 1481 33 0.257137
1 1 3352 1482 6 0.110962
0 0 3354 1483 42 0.322078
1 1 3355 1483 8 0.168374
0 0 3357 1484 37 0.292667
1 1 3357 1484 9 0.169306
1 1 3358 1485 9 0.144276
1 1 3361 1486 13 0.184083
0 0 3361 1487 29 0.25404
1 1 3364 1487 10 0.16602
1 1 3364 1488 9 0.165254
1 1 3364 1489 9 0.164262
1 1 3366 1490 9 0.169535
0 0 3366 1491 70 0.444048
0 0 3367 1491 69 0.418828
0 0 3369 1491 33 0.277908
1 1 4 0 5 0.001334
1 1 3371 1492 45 0.357162
1 1 3372 1493 4 0.107566
1 1 3372 1494 9 0.170082
1 1 3373 1495 10 0.179231
1 1 3374 1496 7 0.134177
1 1 3374 1497 10 0.165944
1 1 3375 1498 8 0.134693
1 1 3375 1499 9 0.161719
1 1 3376 1500 8 0.157564
1 1 3376 1501 10 0.178551
1 1 3377 1502 8 0.162654
1 1 3377 1503 11 0.176231
1 1 3378 1504 7 0.156943
1 1 3379 1505 6 0.138731
1 1 3380 1506 21 0.215396
0 0 3383 1507 39 0.291495
1 1 4 0 5 0.00101
1 1 5 1 8 0.000266
0 0 3392 1509 44 0.323396
1 1 4 0 8 0.001037
1 1 5 1 6 0.000245
0 0 3395 1511 47 0.343758
1 1 6 2 7 0.001128
1 1 12 5 9 0.001056
1 1 12 6 5 0.000434
1 1 12 7 5 0.000371
0 0 3397 1515 58 0.366688
1 1 13 8 10 0.001519
0 0 3398 1516 57 0.381352
0 0 3403 1516 48 0.340856
0 0 3404 1516 52 0.356484
0 0 3404 1516 59 0.357767
0 0 3407 1516 60 0.371141
0 0 3409 1516 52 0.328264
0 0 3419 1516 98 0.561792
0 0 3419 1516 47 0.330107
1 1 9 0 7 0.001196
0 0 3424 1517 62 0.388178
1 1 5 0 6 0.001086
1 1 20 2 9 0.001196
1 1 20 3 8 0.000747
1 1 23 4 10 0.000809
1 1 24 5 6 0.000766
1 1 24 6 8 0.000844
1 1 24 7 5 0.000815
0 0 3435 1524 39 0.309829
0 0 3436 1524 48 0.345903
0 0 3436 1524 56 0.355854
0 0 3436 1524 32 0.271563
1 1 25 8 9 0.001791
1 1 27 9 7 0.00099
1 1 28 10 10 0.001066
1 1 28 11 8 0.001066
1 1 31 12 7 0.001167
1 1 31 13 7 0.001173
1 1 32 14 7 0.001206
0 0 3447 1531 32 0.27127
0 0 3450 1531 66 0.417338
1 1 40 15 10 0.002428
1 1 40 16 8 0.00154
1 1 41 17 6 0.001515
1 1 41 18 10 0.001692
1 1 42 19 8 0.001677
1 1 43 20 6 0.001635
0 0 3460 1537 76 0.456489
0 0 3462 1537 78 0.473619
0 0 3464 1537 151 0.85972
1 1 6 0 7 0.001152
1 1 8 1 8 0.000411
1 1 8 2 6 0.000339
1 1 9 3 6 0.000284
1 1 10 4 7 0.000412
0 0 3471 1542 54 0.423758
0 0 3473 1542 40 0.372446
1 1 62 26 10 0.004003
1 1 62 27 7 0.002654
1 1 62 28 8 0.002625
1 1 63 29 8 0.002748
1 1 64 30 5 0.002227
1 1 65 31 7 0.0026
1 1 66 32 6 0.002756
1 1 67 33 9 0.003089
1 1 67 34 9 0.002971
1 1 68 35 7 0.002861
1 1 69 36 6 0.002879
1 1 70 37 7 0.003004
1 1 71 38 9 0.003127
1 1 76 39 7 0.00287
0 0 3486 1556 36 0.301758
1 1 82 40 10 0.004455
1 1 82 41 9 0.003522
1 1 92 42 9 0.003775
1 1 94 43 12 0.004141
1 1 95 44 10 0.00403
1 1 95 45 7 0.003726
0 0 3495 1562 64 0.473186
1 1 96 46 11 0.005223
1 1 97 47 9 0.004112
