1 1 4 0 9 0.00116
1 1 7 1 7 0.000941
1 1 11 2 10 0.001142
1 1 12 3 6 0.001182
1 1 5 0 12 0.000721
1 1 8 1 10 0.000928
1 1 11 0 10 0.000688
1 1 52 7 11 0.001932
1 1 53 8 12 0.001898
1 1 53 9 7 0.001728
1 1 54 10 8 0.001721
1 1 61 11 9 0.002117
1 1 65 12 10 0.002246
1 1 66 13 10 0.002414
1 1 18 0 8 0.000685
1 1 19 1 6 0.000522
1 1 24 2 7 0.000859
1 1 26 3 8 0.000943
1 1 5 0 7 0.000258
1 1 5 1 9 0.000328
1 1 8 2 6 0.00042
1 1 9 3 9 0.000458
1 1 39 8 6 0.001083
1 1 39 9 11 0.001492
1 1 39 10 8 0.00145
1 1 42 11 6 0.001467
1 1 43 12 7 0.001581
1 1 43 13 6 0.001595
1 1 47 14 9 0.001761
1 1 8 0 6 0.000333
1 1 11 1 8 0.000544
1 1 14 2 9 0.000605
1 1 15 3 7 0.000645
1 1 16 4 6 0.000663
1 1 17 5 7 0.000582
1 1 17 6 9 0.000761
1 1 17 7 5 0.000547
1 1 9 0 8 0.000411
1 1 13 1 8 0.000533
1 1 14 2 9 0.000588
1 1 14 3 8 0.000592
1 1 20 4 6 0.000571
1 1 41 13 7 0.001244
1 1 93 29 10 0.00408
1 1 93 30 7 0.003272
1 1 95 31 9 0.003458
1 1 95 32 10 0.00358
1 1 97 33 9 0.003636
1 1 97 34 6 0.002453
1 1 97 35 8 0.003488
1 1 98 36 7 0.00339
1 1 99 37 8 0.003843
1 1 99 38 11 0.004107
1 1 100 39 9 0.002877
1 1 101 40 9 0.003835
1 1 101 41 8 0.003807
1 1 101 42 7 0.003695
1 1 102 43 8 0.003922
1 1 102 44 8 0.003837
1 1 103 45 11 0.004258
1 1 103 46 7 0.004001
1 1 104 47 9 0.00414
1 1 104 48 7 0.003879
1 1 104 49 8 0.004174
1 1 111 50 7 0.004234
1 1 113 51 6 0.004243
1 1 8 0 7 0.000418
1 1 10 1 5 0.000434
1 1 13 2 7 0.000545
1 1 13 3 6 0.000559
1 1 16 4 6 0.000636
1 1 17 5 5 0.000653
1 1 24 6 9 0.000948
1 1 25 7 10 0.001111
1 1 25 8 8 0.000997
1 1 26 9 10 0.001124
1 1 26 10 7 0.000791
1 1 27 11 7 0.001069
1 1 28 12 6 0.001117
1 1 30 13 6 0.00087
1 1 30 14 8 0.001272
1 1 32 15 8 0.001397
1 1 35 16 8 0.001405
1 1 153 69 6 0.004143
1 1 154 70 7 0.00589
1 1 155 71 6 0.005728
1 1 156 72 9 0.006091
1 1 156 73 8 0.005653
1 1 158 74 8 0.006056
1 1 159 75 7 0.005866
1 1 159 76 9 0.006115
1 1 160 77 5 0.005547
1 1 160 78 9 0.006333
1 1 161 79 6 0.004185
1 1 161 80 8 0.006331
1 1 161 81 10 0.006658
1 1 163 82 7 0.005968
1 1 164 83 10 0.006701
1 1 165 84 8 0.006636
1 1 166 85 10 0.006917
1 1 6 0 7 0.000394
1 1 9 1 9 0.000429
1 1 18 2 10 0.000711
1 1 7 0 7 0.000367
1 1 7 1 9 0.000379
1 1 7 2 8 0.000384
1 1 9 3 8 0.000464
1 1 11 4 8 0.000554
1 1 13 5 5 0.000532
1 1 14 6 8 0.000629
1 1 14 7 10 0.00067
1 1 16 8 8 0.000758
1 1 19 9 10 0.000937
1 1 22 10 8 0.001083
1 1 24 11 8 0.001071
1 1 24 12 6 0.000952
1 1 27 13 10 0.0012
1 1 27 14 6 0.001136
1 1 28 15 9 0.001261
1 1 29 16 11 0.001312
1 1 4 0 8 0.000271
1 1 12 1 9 0.000527
1 1 20 2 8 0.000732
1 1 24 3 10 0.000958
1 1 25 4 9 0.000962
1 1 25 5 7 0.000924
1 1 33 6 6 0.001061
1 1 38 7 8 0.00142
1 1 102 28 10 0.003838
1 1 102 29 10 0.003679
1 1 104 30 8 0.003718
1 1 107 31 8 0.003806
1 1 108 32 8 0.004027
1 1 110 33 9 0.002897
1 1 110 34 8 0.003904
1 1 110 35 7 0.003672
1 1 111 36 7 0.003888
1 1 111 37 11 0.004253
1 1 112 38 9 0.004102
1 1 113 39 8 0.004048
1 1 114 40 8 0.00422
1 1 115 41 11 0.004421
1 1 116 42 6 0.003638
1 1 118 43 12 0.004625
1 1 118 44 9 0.004514
1 1 118 45 10 0.004438
1 1 120 46 8 0.004466
1 1 121 47 9 0.004635
1 1 121 48 8 0.004423
1 1 122 49 8 0.004688
1 1 122 50 6 0.004297
1 1 123 51 8 0.004641
1 1 124 52 8 0.004761
1 1 4 0 8 0.000287
1 1 130 54 12 0.005573
1 1 133 55 11 0.005331
1 1 134 56 6 0.004909
1 1 134 57 7 0.004895
1 1 135 58 7 0.005041
1 1 135 59 10 0.00534
1 1 137 60 7 0.005271
1 1 137 61 10 0.005514
1 1 139 62 8 0.00532
1 1 140 63 10 0.005623
1 1 144 64 11 0.005575
1 1 145 65 8 0.005611
1 1 146 66 7 0.005158
1 1 147 67 8 0.005367
1 1 149 68 9 0.005898
1 1 150 69 6 0.005366
1 1 153 70 10 0.006087
1 1 153 71 7 0.005886
1 1 153 72 10 0.006211
1 1 154 73 11 0.006342
1 1 157 74 8 0.006296
1 1 158 75 8 0.006252
1 1 158 76 8 0.006452
1 1 159 77 7 0.006139
1 1 159 78 10 0.006625
1 1 160 79 8 0.006439
1 1 160 80 8 0.006428
1 1 161 81 5 0.005933
1 1 162 82 5 0.004232
1 1 163 83 10 0.00676
1 1 5 0 8 0.000316
1 1 5 1 5 0.000297
1 1 6 2 9 0.000355
1 1 6 3 7 0.000359
1 1 9 4 7 0.000506
1 1 4 0 5 0.000221
1 1 5 1 8 0.000306
1 1 6 0 9 0.000323
1 1 8 1 7 0.000364
1 1 16 2 9 0.000635
1 1 5 0 7 0.000313
1 1 8 1 6 0.000294
1 1 9 2 7 0.000411
1 1 25 6 9 0.001131
1 1 26 7 8 0.00096
1 1 26 8 9 0.001079
1 1 27 9 8 0.000844
1 1 4 0 9 0.000275
1 1 38 11 11 0.001692
1 1 38 12 8 0.001534
1 1 38 13 9 0.001537
1 1 41 14 8 0.001185
1 1 42 15 9 0.001699
1 1 43 16 8 0.001741
1 1 44 17 9 0.00183
1 1 49 18 8 0.001902
1 1 49 19 8 0.001952
1 1 49 20 9 0.001967
1 1 49 21 9 0.002
1 1 50 22 7 0.001945
1 1 51 23 9 0.00214
1 1 51 24 4 0.001346
1 1 52 25 5 0.00192
1 1 52 26 8 0.002179
1 1 4 0 8 0.000272
1 1 8 1 6 0.00039
1 1 10 2 6 0.00045
1 1 10 3 8 0.000481
1 1 69 31 8 0.002808
1 1 72 32 10 0.003137
1 1 73 33 13 0.003236
1 1 13 0 12 0.000567
1 1 88 35 9 0.003674
1 1 88 36 7 0.003159
1 1 88 37 7 0.003348
1 1 88 38 10 0.003492
1 1 91 39 11 0.003664
1 1 91 40 7 0.003456
1 1 93 41 8 0.003633
1 1 96 42 9 0.003841
1 1 96 43 8 0.003828
1 1 99 44 14 0.004368
1 1 99 45 8 0.003934
1 1 99 46 10 0.004098
1 1 100 47 11 0.004241
1 1 100 48 10 0.004149
1 1 102 49 7 0.004153
1 1 102 50 9 0.004178
1 1 102 51 7 0.004047
1 1 106 52 11 0.004529
1 1 107 53 7 0.004198
1 1 108 54 11 0.004599
1 1 108 55 6 0.004184
1 1 111 56 10 0.004824
1 1 113 57 9 0.004644
1 1 113 58 8 0.004587
1 1 114 59 6 0.004102
1 1 116 60 7 0.004407
1 1 117 61 7 0.00462
1 1 119 62 10 0.005171
1 1 120 63 7 0.003423
1 1 121 64 6 0.004533
1 1 122 65 8 0.005043
1 1 123 66 11 0.005346
1 1 124 67 9 0.005341
1 1 124 68 5 0.003379
1 1 124 69 8 0.005277
1 1 126 70 9 0.005423
1 1 127 71 8 0.00531
1 1 127 72 7 0.004961
1 1 127 73 7 0.005148
1 1 18 0 8 0.000685
1 1 18 1 6 0.000602
1 1 21 2 7 0.000704
1 1 23 3 9 0.000844
1 1 159 78 12 0.007216
1 1 166 81 9 0.00697
1 1 166 82 6 0.005808
1 1 166 83 9 0.006533
1 1 167 84 10 0.006874
1 1 173 85 9 0.007091
1 1 174 86 8 0.0069
1 1 177 87 7 0.006404
1 1 179 88 8 0.007067
1 1 182 89 11 0.007852
1 1 186 90 6 0.006692
1 1 187 91 8 0.007301
1 1 189 92 9 0.007824
1 1 192 93 9 0.007543
1 1 193 94 11 0.008174
1 1 194 95 7 0.007231
1 1 8 0 8 0.000392
1 1 203 97 11 0.008539
1 1 204 98 7 0.007359
1 1 205 99 11 0.008548
1 1 206 100 10 0.008545
1 1 215 101 9 0.008729
1 1 216 102 12 0.009328
1 1 216 103 10 0.008728
1 1 219 104 11 0.009332
1 1 219 105 8 0.008642
1 1 220 106 11 0.009201
1 1 221 107 10 0.009
1 1 221 108 9 0.009242
1 1 222 109 9 0.009113
1 1 223 110 9 0.008737
1 1 223 111 9 0.008973
1 1 230 112 9 0.00939
1 1 231 113 10 0.009561
1 1 233 114 9 0.009163
1 1 235 115 8 0.009305
1 1 4 0 6 0.000324
1 1 6 1 6 0.00035
1 1 7 2 9 0.000307
1 1 10 3 8 0.000518
1 1 12 4 6 0.000532
1 1 14 5 9 0.000606
1 1 18 6 9 0.000797
1 1 259 123 12 0.012793
1 1 259 124 6 0.009824
1 1 260 125 11 0.011007
1 1 262 126 8 0.009943
1 1 263 127 7 0.010198
1 1 264 128 6 0.006902
1 1 266 129 10 0.010718
1 1 17 0 8 0.000659
1 1 18 1 6 0.000617
1 1 4 0 7 0.000324
1 1 5 1 6 0.000278
1 1 26 4 8 0.001135
1 1 29 5 9 0.0011
1 1 29 6 11 0.001147
1 1 33 7 8 0.001227
1 1 33 8 8 0.001348
1 1 34 9 6 0.000989
1 1 34 10 9 0.001356
1 1 34 11 11 0.0014
1 1 36 12 7 0.001017
1 1 37 13 9 0.001498
1 1 38 14 8 0.001378
1 1 39 15 8 0.00149
1 1 45 16 8 0.001762
1 1 45 17 8 0.001667
1 1 49 18 10 0.001988
1 1 50 19 8 0.001917
1 1 51 20 6 0.001733
1 1 51 21 7 0.001923
1 1 55 22 10 0.002269
1 1 55 23 9 0.002191
1 1 56 24 8 0.002238
1 1 56 25 10 0.002429
1 1 58 26 7 0.002391
1 1 58 27 7 0.002365
1 1 58 28 6 0.002259
1 1 58 29 8 0.002433
1 1 60 30 11 0.002595
1 1 61 31 9 0.002563
1 1 62 32 8 0.00259
1 1 62 33 8 0.002626
1 1 62 34 9 0.002679
1 1 70 35 9 0.002934
1 1 70 36 8 0.002836
1 1 71 37 8 0.002984
1 1 72 38 7 0.002863
1 1 351 169 12 0.015467
1 1 351 170 6 0.009122
1 1 354 171 7 0.012978
1 1 355 172 8 0.01329
1 1 356 173 8 0.013953
1 1 357 174 11 0.014461
1 1 358 175 9 0.013902
1 1 358 176 8 0.013642
1 1 360 177 7 0.014173
1 1 361 178 8 0.014157
1 1 5 0 7 0.000319
1 1 5 1 5 0.000282
1 1 17 2 8 0.000653
1 1 8 0 9 0.0004
1 1 32 4 9 0.001411
1 1 41 5 12 0.001528
1 1 42 6 13 0.001585
1 1 43 7 12 0.001614
1 1 48 8 8 0.001682
1 1 49 9 7 0.001614
1 1 50 10 10 0.001834
1 1 54 11 12 0.00202
1 1 56 12 8 0.001968
1 1 58 13 8 0.002012
1 1 58 14 8 0.002001
1 1 59 15 6 0.002074
1 1 61 16 10 0.002293
1 1 4 0 6 0.000259
1 1 10 0 11 0.000449
1 1 15 1 6 0.000519
1 1 16 0 7 0.000544
1 1 6 0 8 0.000281
1 1 42 2 9 0.001464
1 1 44 3 10 0.00152
1 1 56 4 9 0.001786
1 1 60 5 9 0.001959
1 1 61 6 5 0.001661
1 1 61 7 7 0.002179
1 1 62 8 6 0.001838
1 1 82 11 9 0.002979
1 1 86 12 7 0.002833
1 1 4 0 7 0.000259
1 1 8 1 10 0.000411
1 1 10 2 9 0.0005
1 1 10 3 8 0.00047
1 1 177 35 10 0.005897
1 1 178 36 7 0.004115
1 1 197 37 8 0.006484
1 1 8 0 6 0.000348
1 1 9 1 7 0.000421
1 1 10 2 7 0.000441
1 1 11 3 7 0.000488
1 1 11 4 5 0.000369
1 1 4 0 6 0.000233
1 1 6 1 9 0.000322
1 1 14 2 9 0.000559
1 1 14 3 6 0.000554
1 1 29 9 9 0.001297
1 1 29 10 8 0.001231
1 1 29 11 6 0.001276
1 1 30 12 9 0.001274
1 1 30 13 7 0.001211
1 1 31 14 9 0.001285
1 1 37 15 6 0.001367
1 1 8 0 7 0.000344
1 1 10 1 7 0.000408
1 1 11 2 8 0.000485
1 1 258 57 11 0.009207
1 1 261 58 13 0.009434
1 1 261 59 10 0.008778
1 1 263 60 7 0.008572
1 1 4 0 8 0.000241
1 1 275 62 12 0.009947
1 1 277 63 10 0.00936
1 1 279 64 10 0.010323
1 1 279 65 13 0.010865
1 1 283 66 6 0.008839
1 1 285 67 10 0.009867
1 1 285 68 8 0.009166
1 1 285 69 7 0.009186
1 1 286 70 9 0.010075
1 1 287 71 9 0.009776
1 1 301 72 8 0.009545
1 1 309 73 12 0.011267
1 1 312 74 10 0.010963
1 1 313 75 10 0.011045
1 1 315 76 8 0.010704
1 1 315 77 7 0.010196
1 1 316 78 5 0.007028
1 1 316 79 9 0.010968
1 1 317 80 10 0.01121
1 1 319 81 10 0.011375
1 1 319 82 10 0.011754
1 1 319 83 9 0.011564
1 1 322 84 7 0.010961
1 1 323 85 8 0.010308
1 1 324 86 11 0.012044
1 1 324 87 9 0.011192
1 1 325 88 7 0.010957
1 1 325 89 5 0.010284
1 1 325 90 7 0.010556
1 1 325 91 10 0.011809
1 1 327 92 6 0.010412
1 1 327 93 8 0.011186
1 1 329 94 7 0.011344
1 1 330 95 8 0.011626
1 1 331 96 8 0.011015
1 1 332 97 8 0.011793
1 1 333 98 10 0.012146
1 1 333 99 6 0.010574
1 1 334 100 9 0.012272
1 1 334 101 8 0.011918
1 1 336 102 10 0.0126
1 1 337 103 8 0.012148
1 1 338 104 8 0.011759
1 1 339 105 9 0.012368
1 1 339 106 9 0.012444
1 1 340 107 12 0.013668
1 1 343 108 9 0.012671
1 1 343 109 9 0.012494
1 1 343 110 9 0.016602
1 1 345 111 7 0.01301
1 1 346 112 9 0.012772
1 1 351 113 8 0.013253
1 1 353 114 10 0.013343
1 1 353 115 9 0.012937
1 1 354 116 8 0.01254
1 1 8 0 6 0.000404
1 1 362 118 11 0.014033
1 1 364 119 10 0.013808
1 1 365 120 7 0.013087
1 1 368 121 10 0.013971
1 1 372 122 8 0.013214
1 1 7 0 12 0.000477
1 1 381 124 10 0.010735
1 1 382 125 10 0.014469
1 1 5 0 9 0.000347
1 1 395 127 8 0.014091
1 1 396 128 8 0.014564
1 1 398 129 9 0.015177
1 1 398 130 12 0.015916
1 1 399 131 6 0.013431
1 1 401 132 8 0.014578
1 1 406 133 8 0.014403
1 1 407 134 10 0.015594
1 1 408 135 6 0.012457
1 1 411 136 9 0.015389
1 1 430 137 10 0.016308
1 1 444 138 9 0.016349
1 1 809 318 12 0.035753
1 1 811 319 7 0.031345
1 1 812 320 6 0.029388
1 1 812 321 8 0.03199
1 1 813 322 12 0.034841
1 1 814 323 10 0.033909
1 1 814 324 10 0.033823
1 1 815 325 6 0.030691
1 1 816 326 8 0.031308
1 1 818 327 7 0.032207
1 1 820 328 6 0.02892
1 1 822 329 8 0.032053
1 1 823 330 9 0.033398
1 1 826 331 9 0.033169
1 1 827 332 11 0.035783
1 1 828 333 10 0.035253
1 1 829 334 10 0.034558
1 1 830 335 8 0.032911
1 1 830 336 8 0.034273
1 1 832 337 13 0.037396
1 1 4 0 8 0.000568
1 1 9 1 7 0.000395
1 1 843 340 10 0.032442
1 1 843 341 5 0.030771
1 1 845 342 12 0.037236
1 1 847 343 7 0.033
1 1 854 344 9 0.035021
1 1 855 345 8 0.032627
1 1 855 346 6 0.031775
1 1 857 347 10 0.035346
1 1 861 348 9 0.034573
1 1 862 349 7 0.03382
1 1 864 350 12 0.037888
1 1 866 351 9 0.03491
1 1 868 352 8 0.034301
1 1 870 353 11 0.037259
1 1 871 354 8 0.034872
1 1 876 355 10 0.036935
1 1 877 356 7 0.032699
1 1 878 357 9 0.034432
1 1 878 358 8 0.034978
1 1 878 359 9 0.033813
1 1 879 360 6 0.02946
1 1 880 361 9 0.036788
1 1 881 362 8 0.034689
1 1 881 363 10 0.036974
1 1 883 364 9 0.036317
1 1 883 365 10 0.036867
1 1 884 366 8 0.034485
1 1 887 367 9 0.036437
1 1 890 368 6 0.029801
1 1 891 369 7 0.035154
1 1 894 370 9 0.036732
1 1 896 371 8 0.035676
1 1 897 372 9 0.037082
1 1 898 373 8 0.035884
1 1 898 374 11 0.03855
1 1 901 375 10 0.03847
1 1 902 376 11 0.039092
1 1 904 377 9 0.038001
1 1 905 378 8 0.03837
1 1 905 379 7 0.036707
1 1 906 380 9 0.039147
1 1 907 381 11 0.041096
1 1 907 382 7 0.035602
1 1 908 383 7 0.03704
1 1 908 384 10 0.038458
1 1 910 385 9 0.037924
1 1 910 386 8 0.036703
1 1 911 387 10 0.037263
1 1 912 388 12 0.041435
1 1 912 389 9 0.037938
1 1 913 390 7 0.036138
1 1 916 391 7 0.036207
1 1 917 392 7 0.035756
1 1 917 393 8 0.036979
1 1 917 394 6 0.031972
1 1 918 395 9 0.037537
1 1 918 396 12 0.040696
1 1 918 397 9 0.037808
1 1 920 398 10 0.03849
1 1 924 399 5 0.035178
1 1 924 400 8 0.038136
1 1 928 401 7 0.037317
1 1 929 402 8 0.037461
1 1 931 403 8 0.038402
1 1 932 404 8 0.039552
1 1 935 405 8 0.037614
1 1 938 406 9 0.03953
1 1 938 407 9 0.037366
1 1 940 408 12 0.041907
1 1 951 409 7 0.037396
1 1 954 410 9 0.038465
1 1 955 411 10 0.041304
1 1 955 412 10 0.040147
1 1 955 413 8 0.039217
1 1 961 414 7 0.037896
1 1 962 415 7 0.035316
1 1 965 416 8 0.04146
1 1 965 417 11 0.042567
1 1 966 418 6 0.035274
1 1 970 419 9 0.04113
1 1 972 420 9 0.040909
1 1 974 421 7 0.039238
1 1 975 422 9 0.040856
1 1 978 423 10 0.042726
1 1 980 424 8 0.040114
1 1 980 425 10 0.041819
1 1 982 426 7 0.037927
1 1 4 0 6 0.00055
1 1 989 428 12 0.043897
1 1 990 429 10 0.043517
1 1 994 430 9 0.041931
1 1 994 431 6 0.034057
1 1 994 432 8 0.041153
1 1 995 433 6 0.038906
1 1 996 434 7 0.040249
1 1 997 435 9 0.041908
1 1 999 436 11 0.043244
1 1 1000 437 10 0.04274
1 1 1001 438 7 0.038432
1 1 1001 439 10 0.043327
1 1 1001 440 9 0.042156
1 1 1002 441 9 0.042593
1 1 1012 442 11 0.047398
1 1 1014 443 7 0.041029
1 1 1015 444 12 0.046424
1 1 1019 445 11 0.046094
1 1 1020 446 7 0.041775
1 1 1021 447 7 0.03986
1 1 1021 448 6 0.040045
1 1 1022 449 9 0.043826
1 1 1023 450 7 0.040787
1 1 1024 451 9 0.042723
1 1 1026 452 11 0.046691
1 1 1026 453 4 0.029548
1 1 1030 454 9 0.043438
1 1 1030 455 10 0.045152
1 1 1032 456 8 0.043205
1 1 1033 457 11 0.046049
1 1 1034 458 9 0.045097
1 1 1035 459 8 0.044753
1 1 1037 460 7 0.038626
1 1 1038 461 8 0.04297
1 1 1038 462 9 0.044398
1 1 1038 463 10 0.045285
1 1 1039 464 8 0.044026
1 1 1039 465 7 0.041606
1 1 1041 466 7 0.042074
1 1 1042 467 11 0.047125
1 1 1044 468 8 0.0443
1 1 1045 469 11 0.047858
1 1 1045 470 9 0.045068
1 1 1045 471 8 0.042538
1 1 1045 472 8 0.044241
1 1 1046 473 10 0.046742
1 1 1047 474 9 0.045387
1 1 1051 475 10 0.046383
1 1 1051 476 8 0.031925
1 1 1053 477 5 0.040882
1 1 1053 478 10 0.046011
1 1 1054 479 8 0.043872
1 1 1055 480 8 0.04444
1 1 1055 481 9 0.04667
1 1 1056 482 10 0.046883
1 1 1056 483 8 0.044687
1 1 1057 484 8 0.045419
1 1 1058 485 8 0.045298
1 1 4 0 7 0.000612
1 1 5 1 8 0.000303
1 1 14 2 13 0.00064
1 1 15 3 8 0.00065
1 1 24 4 10 0.000894
1 1 28 5 6 0.00069
1 1 32 6 11 0.001184
1 1 33 7 6 0.001154
1 1 33 8 7 0.001316
1 1 33 9 7 0.001152
1 1 34 10 6 0.000884
1 1 4 0 7 0.000229
1 1 8 1 7 0.000345
1 1 11 2 6 0.000455
1 1 11 3 7 0.000477
1 1 15 4 7 0.00056
1 1 52 16 9 0.002207
1 1 55 17 9 0.002157
1 1 55 18 8 0.002062
1 1 62 19 11 0.00245
1 1 64 20 6 0.002095
1 1 66 21 8 0.002508
1 1 4 0 6 0.000236
1 1 5 1 9 0.00029
1 1 6 2 8 0.00033
1 1 6 3 9 0.000345
1 1 11 4 9 0.000553
1 1 82 27 12 0.00359
1 1 82 28 9 0.003282
1 1 84 29 11 0.003305
1 1 86 30 10 0.003425
1 1 86 31 8 0.003059
1 1 94 32 10 0.003737
1 1 100 33 9 0.003823
1 1 1165 520 16 0.060273
1 1 1165 521 8 0.047587
1 1 1167 522 9 0.050241
1 1 1169 523 6 0.046753
1 1 1170 524 7 0.050694
1 1 1170 525 11 0.059745
1 1 1172 526 6 0.045701
1 1 1173 527 6 0.04357
1 1 1174 528 7 0.048401
1 1 1176 529 7 0.047643
1 1 1176 530 9 0.050572
1 1 1177 531 9 0.051973
1 1 1178 532 11 0.05462
1 1 1181 533 5 0.040091
1 1 1183 534 6 0.04607
1 1 1186 535 9 0.052159
1 1 1186 536 9 0.050987
1 1 1187 537 8 0.050635
1 1 1188 538 5 0.032117
1 1 1188 539 10 0.054677
1 1 1189 540 8 0.050356
1 1 1189 541 10 0.052717
1 1 1192 542 9 0.05148
1 1 1193 543 10 0.05456
1 1 1194 544 7 0.04928
1 1 1196 545 8 0.050883
1 1 1197 546 9 0.052133
1 1 1198 547 8 0.05132
1 1 1199 548 13 0.057493
1 1 1199 549 7 0.050037
1 1 1206 550 8 0.050627
1 1 1206 551 5 0.042926
1 1 1208 552 5 0.032796
1 1 1208 553 7 0.050281
1 1 1209 554 12 0.057702
1 1 1212 555 9 0.05326
1 1 1214 556 11 0.055719
1 1 1214 557 9 0.054282
1 1 1214 558 9 0.05136
1 1 1215 559 10 0.054966
1 1 1217 560 8 0.052199
1 1 1217 561 8 0.052769
1 1 1217 562 8 0.051222
1 1 1218 563 6 0.046083
1 1 1219 564 6 0.049883
1 1 1219 565 6 0.034996
1 1 1220 566 7 0.048463
1 1 1226 567 10 0.05505
1 1 1227 568 6 0.047204
1 1 1227 569 10 0.055646
1 1 1228 570 9 0.054895
1 1 1228 571 8 0.052805
1 1 1229 572 11 0.056722
1 1 1229 573 7 0.04902
1 1 1231 574 9 0.053411
1 1 1235 575 8 0.054008
1 1 1236 576 10 0.056024
1 1 1237 577 9 0.054736
1 1 1240 578 8 0.053923
1 1 1241 579 6 0.051816
1 1 1241 580 8 0.053403
1 1 1243 581 7 0.051649
1 1 1245 582 7 0.0533
1 1 1245 583 11 0.057205
1 1 1245 584 9 0.055544
1 1 1246 585 10 0.056901
1 1 1247 586 7 0.051786
1 1 1250 587 10 0.056889
1 1 1254 588 7 0.053316
1 1 1258 589 9 0.057161
1 1 1259 590 10 0.057617
1 1 1260 591 10 0.056009
1 1 1261 592 10 0.057538
1 1 1261 593 8 0.050935
1 1 1262 594 12 0.059338
1 1 1265 595 8 0.055225
1 1 1266 596 7 0.055484
1 1 1267 597 8 0.055111
1 1 1269 598 8 0.054308
1 1 1269 599 10 0.058506
1 1 1270 600 7 0.054997
1 1 1271 601 7 0.054738
1 1 1271 602 11 0.061116
1 1 1272 603 11 0.060919
1 1 1273 604 12 0.063448
1 1 1273 605 7 0.05502
1 1 1274 606 10 0.059773
1 1 1274 607 9 0.057692
1 1 1275 608 8 0.055444
1 1 1276 609 7 0.055122
1 1 1276 610 7 0.054458
1 1 1276 611 5 0.048159
1 1 1277 612 8 0.055869
1 1 1277 613 11 0.060684
1 1 1277 614 10 0.060488
1 1 1278 615 6 0.054128
1 1 1279 616 13 0.063936
1 1 1280 617 9 0.057253
1 1 1282 618 8 0.054294
1 1 1285 619 8 0.057045
1 1 1285 620 8 0.056941
1 1 1286 621 7 0.055735
1 1 1286 622 10 0.059593
1 1 1293 623 9 0.043555
1 1 1295 624 8 0.057725
1 1 1297 625 8 0.058736
1 1 1302 626 10 0.060065
1 1 1304 627 8 0.058449
1 1 1306 628 7 0.057347
1 1 1309 629 10 0.06093
1 1 1312 630 7 0.057878
1 1 1313 631 8 0.057594
1 1 1316 632 9 0.061029
1 1 1317 633 5 0.05303
1 1 1317 634 7 0.040746
1 1 1318 635 8 0.057978
1 1 1318 636 9 0.060065
1 1 1319 637 9 0.061979
1 1 1320 638 7 0.057568
1 1 1321 639 9 0.060442
1 1 1322 640 7 0.058146
1 1 1324 641 11 0.066014
1 1 1325 642 8 0.060415
1 1 1330 643 9 0.061158
1 1 1331 644 8 0.05958
1 1 1337 645 9 0.061701
1 1 1337 646 12 0.067106
1 1 1338 647 9 0.063688
1 1 1338 648 8 0.060144
1 1 1340 649 8 0.061478
1 1 1341 650 10 0.063733
1 1 1345 651 7 0.060116
1 1 1347 652 9 0.064092
1 1 1348 653 10 0.065223
1 1 1351 654 7 0.056759
1 1 1351 655 7 0.043242
1 1 1352 656 9 0.062517
1 1 1352 657 6 0.040854
1 1 1353 658 7 0.059848
1 1 1353 659 9 0.063318
1 1 1354 660 6 0.053256
1 1 1354 661 7 0.055779
1 1 1354 662 7 0.058539
1 1 1357 663 10 0.06534
1 1 1359 664 7 0.061782
1 1 1361 665 8 0.06335
1 1 1362 666 8 0.063367
1 1 1363 667 7 0.059631
1 1 1364 668 7 0.058784
1 1 1364 669 6 0.054338
1 1 1365 670 11 0.068868
1 1 1366 671 7 0.057943
1 1 1367 672 8 0.06343
1 1 1367 673 8 0.061569
1 1 1367 674 7 0.060779
1 1 1368 675 9 0.066087
1 1 1370 676 12 0.071338
1 1 1370 677 8 0.063549
1 1 1373 678 9 0.063194
1 1 1373 679 10 0.067658
1 1 1374 680 9 0.065712
1 1 1374 681 10 0.067662
1 1 1379 682 9 0.061571
1 1 1379 683 10 0.068067
1 1 1380 684 9 0.063097
1 1 1385 685 9 0.065159
1 1 1385 686 7 0.062696
1 1 1385 687 8 0.065349
1 1 1386 688 8 0.065122
1 1 1389 689 9 0.066043
1 1 1390 690 8 0.065683
1 1 5 0 8 0.00073
1 1 1397 692 12 0.071835
1 1 1399 693 9 0.06606
1 1 1400 694 7 0.062413
1 1 1405 695 9 0.0671
1 1 1406 696 9 0.065719
1 1 1409 697 6 0.059349
1 1 1410 698 6 0.058749
1 1 1421 699 8 0.065918
1 1 1421 700 9 0.067226
1 1 1422 701 6 0.062323
1 1 1424 702 11 0.071163
1 1 1426 703 6 0.061616
1 1 1426 704 9 0.067324
1 1 1426 705 5 0.052029
1 1 1427 706 9 0.0686
1 1 5 0 7 0.000651
1 1 5 1 8 0.000275
1 1 9 2 8 0.000397
1 1 9 3 7 0.000417
1 1 11 4 8 0.000476
1 1 11 5 8 0.000504
1 1 11 6 9 0.000539
1 1 13 7 9 0.00061
1 1 14 8 6 0.000467
1 1 1443 716 12 0.076542
1 1 1444 717 8 0.06669
1 1 1448 718 10 0.070296
1 1 1449 719 9 0.071182
1 1 1450 720 10 0.070208
1 1 1452 721 7 0.065408
1 1 1452 722 7 0.064333
1 1 1453 723 14 0.078697
1 1 1454 724 7 0.064606
1 1 1461 725 9 0.069663
1 1 1463 726 9 0.069131
1 1 1466 727 9 0.074338
1 1 1466 728 7 0.060002
1 1 1467 729 8 0.069313
1 1 1469 730 6 0.063977
1 1 1470 731 10 0.071346
1 1 1471 732 10 0.072304
1 1 1472 733 10 0.072443
1 1 1472 734 7 0.066489
1 1 1473 735 10 0.073891
1 1 1474 736 10 0.073151
1 1 1479 737 11 0.07538
1 1 1479 738 11 0.07392
1 1 1482 739 9 0.07136
1 1 1482 740 7 0.068772
1 1 1483 741 13 0.078726
1 1 1498 747 13 0.080959
1 1 1500 748 9 0.072354
1 1 1502 749 8 0.068024
1 1 1503 750 7 0.06638
1 1 1503 751 9 0.071295
1 1 1504 752 6 0.065012
1 1 1505 753 8 0.070173
1 1 1505 754 8 0.070033
1 1 1506 755 9 0.071812
1 1 1506 756 10 0.073762
1 1 1508 757 10 0.07482
1 1 1508 758 9 0.071626
1 1 1512 759 8 0.069925
1 1 1513 760 7 0.063605
1 1 1515 761 8 0.070062
1 1 1515 762 8 0.071198
1 1 1516 763 10 0.073968
1 1 1516 764 8 0.070657
1 1 1516 765 8 0.070521
1 1 1517 766 11 0.07676
1 1 1517 767 10 0.073576
1 1 1517 768 15 0.085667
1 1 1518 769 8 0.070498
1 1 1518 770 6 0.061092
1 1 1520 771 7 0.069721
1 1 1524 772 10 0.075068
1 1 1524 773 11 0.078119
1 1 1525 774 8 0.06876
1 1 1526 775 5 0.062767
1 1 1526 776 8 0.0726
1 1 1527 777 10 0.077197
1 1 1527 778 6 0.048008
1 1 1528 779 8 0.072456
1 1 1530 780 13 0.083939
1 1 1531 781 8 0.072762
1 1 1531 782 9 0.074453
1 1 1535 783 9 0.07282
1 1 1536 784 10 0.07614
1 1 1536 785 7 0.069503
1 1 1537 786 7 0.068617
1 1 1537 787 8 0.071097
1 1 1537 788 10 0.076462
1 1 1538 789 10 0.076883
1 1 1539 790 7 0.050821
1 1 1539 791 6 0.068644
1 1 1540 792 10 0.077059
1 1 1541 793 8 0.072397
1 1 1542 794 8 0.067736
1 1 1542 795 10 0.078598
1 1 1542 796 8 0.072414
1 1 1544 797 8 0.070707
1 1 1548 798 9 0.075113
1 1 1550 799 11 0.078842
1 1 1555 800 11 0.079404
1 1 1555 801 10 0.077548
1 1 1556 802 9 0.076086
1 1 1560 803 12 0.083053
1 1 1560 804 10 0.07767
1 1 1560 805 11 0.080913
1 1 1560 806 10 0.078624
1 1 1561 807 8 0.074485
1 1 1562 808 10 0.077358
1 1 1562 809 9 0.076451
1 1 1564 810 9 0.077242
1 1 1565 811 9 0.077047
1 1 1567 812 11 0.079987
1 1 1568 813 9 0.077001
1 1 1569 814 8 0.074508
1 1 1569 815 6 0.070941
1 1 1572 816 8 0.072422
1 1 1573 817 10 0.080507
1 1 1580 818 10 0.079776
1 1 1582 819 10 0.079618
1 1 1583 820 8 0.072778
1 1 1583 821 7 0.07198
1 1 1583 822 8 0.072533
1 1 1583 823 9 0.076712
1 1 1585 824 8 0.074819
1 1 1585 825 9 0.078335
1 1 1589 826 9 0.075887
1 1 1591 827 8 0.076332
1 1 1592 828 8 0.075983
1 1 1594 829 8 0.074935
1 1 1594 830 10 0.080592
1 1 1595 831 9 0.077828
1 1 1595 832 11 0.083375
1 1 1596 833 12 0.08555
1 1 1599 834 9 0.076944
1 1 1599 835 11 0.083011
1 1 1603 836 11 0.084132
1 1 1603 837 9 0.075803
1 1 1605 838 7 0.074628
1 1 1609 839 9 0.077866
1 1 1611 840 10 0.082882
1 1 1611 841 8 0.07702
1 1 1612 842 7 0.072159
1 1 1612 843 7 0.074819
1 1 1615 844 8 0.078771
1 1 1617 845 5 0.07053
1 1 1617 846 8 0.077835
1 1 1617 847 9 0.079046
1 1 1619 848 6 0.073768
1 1 1619 849 10 0.083107
1 1 1619 850 8 0.077733
1 1 1619 851 10 0.083028
1 1 1620 852 6 0.052534
1 1 1624 853 8 0.079585
1 1 1627 854 9 0.082259
1 1 1628 855 10 0.08449
1 1 1628 856 7 0.077151
1 1 1628 857 8 0.058403
1 1 1628 858 9 0.081088
1 1 1629 859 9 0.083163
1 1 1630 860 10 0.08524
1 1 1630 861 8 0.08112
1 1 1632 862 9 0.083184
1 1 1633 863 9 0.081825
1 1 1633 864 6 0.075103
1 1 1634 865 9 0.082408
1 1 1636 866 6 0.07241
1 1 1636 867 8 0.077698
1 1 1637 868 9 0.082065
1 1 1637 869 6 0.07519
1 1 1639 870 9 0.081653
1 1 1639 871 6 0.073469
1 1 1643 872 10 0.085433
1 1 1644 873 11 0.088938
1 1 1646 874 8 0.079513
1 1 1647 875 6 0.074406
1 1 1648 876 8 0.07945
1 1 1649 877 6 0.070008
1 1 1649 878 8 0.080438
1 1 1650 879 5 0.072391
1 1 1652 880 5 0.073493
1 1 1653 881 10 0.08515
1 1 1658 882 14 0.096626
1 1 1659 883 10 0.086589
1 1 1659 884 6 0.076188
1 1 1659 885 9 0.082967
1 1 1661 886 7 0.077221
1 1 1661 887 6 0.074849
1 1 1662 888 9 0.08417
1 1 1662 889 9 0.084587
1 1 1663 890 9 0.084912
1 1 1664 891 8 0.082609
1 1 1668 892 8 0.077728
1 1 1668 893 11 0.090574
1 1 1671 894 9 0.083283
1 1 1672 895 11 0.090358
1 1 1672 896 9 0.08501
1 1 1673 897 8 0.081079
1 1 1674 898 7 0.07524
1 1 1674 899 8 0.083256
1 1 1675 900 10 0.087251
1 1 1678 901 9 0.085586
1 1 1678 902 8 0.080558
1 1 1679 903 9 0.085309
1 1 1680 904 9 0.083979
1 1 1681 905 8 0.082917
1 1 1682 906 10 0.088991
1 1 1682 907 7 0.079827
1 1 1686 908 10 0.089598
1 1 1688 909 8 0.083172
1 1 1688 910 9 0.086005
1 1 1690 911 8 0.084977
1 1 1691 912 6 0.055805
1 1 1691 913 9 0.087752
1 1 1691 914 9 0.08673
1 1 1691 915 8 0.083542
1 1 1692 916 7 0.076998
1 1 1692 917 5 0.076265
1 1 1693 918 9 0.086209
1 1 1693 919 7 0.081938
1 1 1694 920 8 0.083361
1 1 1695 921 9 0.088199
1 1 1696 922 8 0.083139
1 1 1696 923 10 0.089504
1 1 1697 924 9 0.0867
1 1 1697 925 7 0.078824
1 1 1698 926 8 0.084615
1 1 1699 927 8 0.085865
1 1 1699 928 7 0.059922
1 1 1700 929 8 0.08207
1 1 1701 930 8 0.084754
1 1 1704 931 11 0.092283
1 1 1705 932 10 0.091358
1 1 1706 933 9 0.086471
1 1 1708 934 8 0.08605
1 1 1708 935 11 0.094027
1 1 1708 936 9 0.086593
1 1 1709 937 10 0.089621
1 1 1709 938 10 0.091457
1 1 1709 939 11 0.093682
1 1 1709 940 10 0.092359
1 1 1710 941 9 0.088112
1 1 1710 942 9 0.089855
1 1 1712 943 11 0.091912
1 1 1713 944 7 0.085195
1 1 1715 945 10 0.092888
1 1 1716 946 11 0.095773
1 1 1716 947 7 0.085
1 1 1718 948 5 0.069088
1 1 1720 949 11 0.096335
1 1 1720 950 9 0.085926
1 1 1722 951 7 0.083747
1 1 1722 952 8 0.087032
1 1 1723 953 9 0.089994
1 1 1725 954 8 0.084835
1 1 1725 955 9 0.089781
1 1 1726 956 9 0.09004
1 1 1726 957 10 0.092559
1 1 1728 958 10 0.094047
1 1 1728 959 7 0.085056
1 1 1729 960 8 0.087788
1 1 1731 961 10 0.09254
1 1 1736 962 9 0.093478
1 1 1740 963 7 0.085034
1 1 1741 964 8 0.087674
1 1 1741 965 7 0.080482
1 1 1741 966 5 0.07451
1 1 1744 967 8 0.087671
1 1 1745 968 7 0.082673
1 1 1747 969 9 0.094965
1 1 1748 970 11 0.097269
1 1 1748 971 8 0.088213
1 1 1749 972 9 0.092474
1 1 1749 973 7 0.081183
1 1 1751 974 8 0.088929
1 1 1752 975 7 0.085536
1 1 1752 976 8 0.090382
1 1 1753 977 8 0.090164
1 1 1753 978 7 0.088896
1 1 1755 979 7 0.088056
1 1 1756 980 9 0.093321
1 1 1758 981 10 0.09714
1 1 1758 982 7 0.087507
1 1 1758 983 9 0.095655
1 1 1758 984 7 0.088017
1 1 1759 985 11 0.101204
1 1 1760 986 6 0.077578
1 1 1761 987 8 0.091419
1 1 1762 988 8 0.087179
1 1 1763 989 9 0.094697
1 1 1763 990 9 0.09347
1 1 1763 991 7 0.088086
1 1 1764 992 9 0.095842
1 1 1766 993 6 0.061243
1 1 1766 994 7 0.086792
1 1 1767 995 11 0.101961
1 1 1768 996 7 0.084135
1 1 1769 997 8 0.09163
1 1 1770 998 7 0.085775
1 1 1771 999 7 0.089979
1 1 1773 1000 9 0.096878
1 1 1774 1001 11 0.101692
1 1 1775 1002 8 0.092532
1 1 1775 1003 9 0.095778
1 1 1776 1004 9 0.095726
1 1 1777 1005 8 0.092186
1 1 1780 1006 12 0.106
1 1 1783 1007 7 0.084388
1 1 1783 1008 10 0.100774
1 1 1785 1009 7 0.090766
1 1 1785 1010 5 0.078902
1 1 1786 1011 10 0.102283
1 1 1786 1012 6 0.086394
1 1 1787 1013 9 0.093737
1 1 1788 1014 10 0.102571
1 1 1788 1015 10 0.102324
1 1 1789 1016 6 0.088298
1 1 1791 1017 10 0.101863
1 1 1791 1018 12 0.108254
1 1 1792 1019 11 0.104109
1 1 1798 1020 11 0.103345
1 1 1798 1021 10 0.100742
1 1 1798 1022 9 0.096919
1 1 1799 1023 12 0.107574
1 1 1799 1024 9 0.094288
1 1 1800 1025 7 0.09899
1 1 1800 1026 8 0.095752
1 1 1801 1027 8 0.094636
1 1 1803 1028 14 0.116978
1 1 1804 1029 8 0.096807
1 1 1806 1030 9 0.099082
1 1 1806 1031 8 0.098307
1 1 1809 1032 8 0.096855
1 1 1809 1033 9 0.10042
1 1 1811 1034 6 0.087781
1 1 1813 1035 7 0.092123
1 1 1813 1036 9 0.096311
1 1 1815 1037 10 0.102991
1 1 1816 1038 9 0.101481
1 1 1817 1039 11 0.10767
1 1 1817 1040 9 0.098488
1 1 1817 1041 7 0.09182
1 1 1818 1042 10 0.102138
1 1 1819 1043 10 0.102436
1 1 1819 1044 7 0.089579
1 1 1820 1045 7 0.094113
1 1 1825 1046 4 0.058418
1 1 1827 1047 10 0.100807
1 1 1827 1048 9 0.100475
1 1 1829 1049 9 0.101946
1 1 1830 1050 10 0.105235
1 1 1831 1051 7 0.094169
1 1 1831 1052 8 0.072094
1 1 1831 1053 7 0.092084
1 1 5 0 6 0.000784
1 1 8 1 10 0.000367
1 1 16 2 8 0.000547
1 1 8 0 9 0.000307
1 1 9 1 7 0.000363
1 1 1883 1059 15 0.121163
1 1 1883 1060 8 0.097115
1 1 1885 1061 8 0.093265
1 1 1889 1062 8 0.098094
1 1 1889 1063 7 0.069356
1 1 1890 1064 8 0.097617
1 1 1890 1065 8 0.098133
1 1 1891 1066 8 0.099438
1 1 1891 1067 9 0.102315
1 1 1895 1068 9 0.101006
1 1 1896 1069 8 0.094237
1 1 1899 1070 8 0.09933
1 1 1901 1071 11 0.109577
1 1 1907 1072 10 0.107163
1 1 1910 1073 7 0.098747
1 1 1911 1074 7 0.095698
1 1 1913 1075 6 0.092742
1 1 1914 1076 8 0.098579
1 1 1917 1077 9 0.102625
1 1 1919 1078 8 0.10019
1 1 1924 1079 8 0.09801
1 1 1930 1080 7 0.096494
1 1 1933 1081 7 0.09727
1 1 1938 1082 9 0.104268
1 1 1938 1083 11 0.107238
1 1 1949 1084 10 0.106311
1 1 1950 1085 7 0.100841
1 1 1951 1086 8 0.09815
1 1 1955 1087 10 0.110266
1 1 1955 1088 8 0.100446
1 1 1959 1089 10 0.110071
1 1 1959 1090 8 0.103096
1 1 1959 1091 8 0.100432
1 1 1961 1092 7 0.097055
1 1 1963 1093 8 0.097781
1 1 1966 1094 11 0.11272
1 1 1971 1095 8 0.102383
1 1 1972 1096 8 0.10048
1 1 1973 1097 9 0.103388
1 1 1974 1098 8 0.100769
1 1 1977 1099 7 0.098901
1 1 1977 1100 6 0.091154
1 1 1977 1101 9 0.105249
1 1 1981 1102 8 0.095884
1 1 1981 1103 7 0.073747
1 1 1982 1104 10 0.109944
1 1 1988 1105 10 0.107815
1 1 1990 1106 9 0.105624
1 1 1990 1107 8 0.103096
1 1 1990 1108 10 0.112127
1 1 1991 1109 9 0.104818
1 1 1992 1110 4 0.062593
1 1 1992 1111 8 0.100901
1 1 1993 1112 8 0.103244
1 1 1993 1113 9 0.10788
1 1 1995 1114 6 0.089811
1 1 1996 1115 6 0.099558
1 1 1997 1116 8 0.101433
1 1 1998 1117 9 0.106476
1 1 1998 1118 8 0.103635
1 1 2001 1119 10 0.113495
1 1 2001 1120 5 0.096341
1 1 2001 1121 12 0.120146
1 1 2002 1122 8 0.104429
1 1 2002 1123 9 0.108409
1 1 2003 1124 10 0.113793
1 1 2004 1125 8 0.103942
1 1 2004 1126 7 0.091641
1 1 2004 1127 9 0.106521
1 1 2005 1128 7 0.097183
1 1 2005 1129 11 0.118006
1 1 2007 1130 8 0.105698
1 1 2009 1131 11 0.116583
1 1 2009 1132 9 0.108835
1 1 2010 1133 9 0.10902
1 1 2014 1134 8 0.107219
1 1 2015 1135 8 0.107798
1 1 2016 1136 7 0.09896
1 1 2016 1137 7 0.102068
1 1 2016 1138 7 0.096675
1 1 2016 1139 12 0.121411
1 1 2019 1140 7 0.108517
1 1 2019 1141 10 0.109942
1 1 2021 1142 8 0.106813
1 1 2022 1143 11 0.114478
1 1 2023 1144 7 0.100444
1 1 2023 1145 6 0.090549
1 1 2024 1146 7 0.097612
1 1 2027 1147 7 0.101734
1 1 2030 1148 9 0.108851
1 1 2031 1149 7 0.103129
1 1 2032 1150 8 0.103751
1 1 2032 1151 9 0.111168
1 1 2035 1152 8 0.102194
1 1 2036 1153 6 0.072692
1 1 2036 1154 9 0.110368
1 1 2037 1155 7 0.099682
1 1 2038 1156 8 0.105744
1 1 2046 1157 11 0.116993
1 1 2047 1158 8 0.107036
1 1 2048 1159 6 0.093787
1 1 2051 1160 7 0.098228
1 1 2051 1161 10 0.11472
1 1 2053 1162 7 0.101749
1 1 2053 1163 8 0.107582
1 1 2054 1164 9 0.109183
1 1 5 0 7 0.000845
1 1 6 1 9 0.000292
1 1 8 2 5 0.000311
1 1 8 3 6 0.00034
1 1 10 4 6 0.000415
1 1 10 5 9 0.000479
1 1 11 6 7 0.000523
1 1 11 7 7 0.000393
1 1 9 0 13 0.000358
1 1 13 1 6 0.000409
1 1 14 2 8 0.000518
1 1 15 3 7 0.000413
1 1 16 4 8 0.000613
1 1 16 5 7 0.000596
1 1 18 6 10 0.000755
1 1 4 0 6 0.000208
1 1 4 0 6 0.000189
1 1 4 0 7 0.000159
1 1 5 1 6 0.00023
1 1 4 0 11 0.000202
1 1 5 1 8 0.00025
1 1 8 2 9 0.000354
1 1 9 3 7 0.000402
1 1 9 4 8 0.00038
1 1 35 8 9 0.001721
1 1 35 9 10 0.001599
1 1 36 10 5 0.001164
1 1 37 11 7 0.001364
1 1 39 12 9 0.001462
1 1 40 13 8 0.001522
1 1 41 14 9 0.001558
1 1 43 15 8 0.00169
1 1 43 16 9 0.001769
1 1 43 17 7 0.001728
1 1 44 18 7 0.001913
1 1 45 19 7 0.001797
1 1 46 20 10 0.002043
1 1 47 21 9 0.001902
1 1 52 22 9 0.002123
1 1 52 23 5 0.001931
1 1 52 24 7 0.002101
1 1 53 25 10 0.002265
1 1 54 26 9 0.002385
1 1 54 27 8 0.002254
1 1 55 28 4 0.001471
1 1 55 29 6 0.002114
1 1 4 0 8 0.000214
1 1 6 1 11 0.000295
1 1 4 0 5 0.000189
1 1 5 0 8 0.000234
1 1 7 1 8 0.000305
1 1 8 2 10 0.000383
1 1 11 3 10 0.000496
1 1 13 4 7 0.000665
1 1 17 5 8 0.000787
1 1 18 6 8 0.000779
1 1 6 0 10 0.000298
1 1 8 1 7 0.000379
1 1 9 2 6 0.000384
1 1 2606 1408 10 0.13413
1 1 2609 1409 10 0.145736
1 1 2609 1410 7 0.130163
1 1 2609 1411 9 0.136668
1 1 4 0 10 0.000921
1 1 2613 1413 12 0.150021
1 1 2615 1414 8 0.137016
1 1 2616 1415 7 0.128009
1 1 2616 1416 8 0.129729
1 1 2617 1417 10 0.141446
1 1 2617 1418 8 0.133825
1 1 2622 1419 10 0.145668
1 1 2623 1420 10 0.143536
1 1 2623 1421 10 0.144665
1 1 2624 1422 9 0.13742
1 1 2624 1423 8 0.131719
1 1 2625 1424 10 0.145488
1 1 2627 1425 9 0.138997
1 1 2631 1426 8 0.101159
1 1 2631 1427 5 0.120916
1 1 2638 1428 8 0.13653
1 1 2639 1429 12 0.149441
1 1 4 0 6 0.000922
1 1 13 0 12 0.000477
1 1 27 2 10 0.001283
1 1 27 3 9 0.000997
1 1 33 4 7 0.001018
1 1 2674 1435 14 0.162918
1 1 2675 1436 9 0.140831
1 1 2675 1437 9 0.146151
1 1 2676 1438 7 0.136009
1 1 2677 1439 9 0.140532
1 1 2681 1440 11 0.152641
1 1 2681 1441 9 0.144616
1 1 5 0 7 0.001012
1 1 2689 1443 15 0.168972
1 1 2690 1444 7 0.137826
1 1 2691 1445 8 0.138476
1 1 2692 1446 9 0.14095
1 1 2694 1447 10 0.14294
1 1 2694 1448 9 0.145324
1 1 2694 1449 10 0.14409
1 1 2695 1450 10 0.147207
1 1 2701 1451 10 0.149313
1 1 2702 1452 8 0.130367
1 1 2703 1453 9 0.142238
1 1 2704 1454 10 0.151389
1 1 2705 1455 8 0.137657
1 1 2706 1456 7 0.129472
1 1 2706 1457 10 0.145425
1 1 2707 1458 10 0.146966
1 1 2710 1459 10 0.151477
1 1 2710 1460 5 0.121866
1 1 2710 1461 6 0.124938
1 1 2711 1462 10 0.145078
1 1 2711 1463 11 0.152711
1 1 2711 1464 7 0.134832
1 1 2712 1465 10 0.146805
1 1 2712 1466 9 0.143443
1 1 2713 1467 9 0.142085
1 1 2714 1468 7 0.123862
1 1 2714 1469 13 0.160609
1 1 2715 1470 9 0.141414
1 1 2715 1471 8 0.135996
1 1 2718 1472 10 0.149767
1 1 2721 1473 7 0.134717
1 1 2722 1474 7 0.132655
1 1 2722 1475 7 0.130808
1 1 2722 1476 8 0.133865
1 1 2724 1477 10 0.148356
1 1 2725 1478 8 0.138966
1 1 2726 1479 10 0.14366
1 1 2726 1480 8 0.141007
1 1 2726 1481 6 0.130209
1 1 2730 1482 6 0.125321
1 1 2737 1483 8 0.140647
1 1 2743 1484 10 0.150736
1 1 2744 1485 13 0.165575
1 1 2746 1486 8 0.135598
1 1 2747 1487 8 0.140688
1 1 2747 1488 6 0.130399
1 1 2748 1489 7 0.134867
1 1 2751 1490 11 0.154795
1 1 2755 1491 7 0.136577
1 1 2755 1492 12 0.157582
1 1 2756 1493 9 0.142046
1 1 2757 1494 14 0.163907
1 1 2757 1495 8 0.139445
1 1 2759 1496 6 0.129514
1 1 2762 1497 7 0.135068
1 1 2763 1498 7 0.133453
1 1 2763 1499 6 0.12872
1 1 2765 1500 4 0.085689
1 1 2769 1501 10 0.150807
1 1 2771 1502 10 0.151421
1 1 2774 1503 10 0.148041
1 1 2774 1504 6 0.130844
1 1 2774 1505 8 0.143098
1 1 2777 1506 12 0.15847
1 1 2778 1507 6 0.124882
1 1 2780 1508 10 0.145072
1 1 2782 1509 9 0.145771
1 1 2782 1510 7 0.136276
1 1 2782 1511 8 0.142049
1 1 2782 1512 9 0.143671
1 1 2782 1513 6 0.123101
1 1 2784 1514 10 0.153084
1 1 2784 1515 9 0.146015
1 1 2787 1516 9 0.143062
1 1 2787 1517 8 0.102953
1 1 2788 1518 9 0.143931
1 1 2789 1519 13 0.164062
1 1 2790 1520 11 0.15293
1 1 2791 1521 8 0.139889
1 1 2791 1522 8 0.142894
1 1 2792 1523 7 0.13266
1 1 2792 1524 9 0.143085
1 1 2793 1525 7 0.134477
1 1 2794 1526 9 0.143619
1 1 2798 1527 8 0.140845
1 1 2800 1528 9 0.14013
1 1 2801 1529 8 0.137072
1 1 2801 1530 8 0.142143
1 1 2802 1531 11 0.150684
1 1 2803 1532 9 0.145129
1 1 2804 1533 9 0.146921
1 1 2805 1534 8 0.140508
1 1 2808 1535 10 0.152819
1 1 2808 1536 7 0.13644
1 1 2811 1537 11 0.16025
1 1 2811 1538 5 0.125724
1 1 2811 1539 5 0.121913
1 1 2813 1540 6 0.128278
1 1 2813 1541 9 0.144319
1 1 2815 1542 10 0.154554
1 1 2815 1543 7 0.133751
1 1 2816 1544 4 0.086683
1 1 2818 1545 6 0.131418
1 1 2818 1546 8 0.136199
1 1 2819 1547 7 0.137941
1 1 2820 1548 10 0.156341
1 1 2820 1549 8 0.144154
1 1 2821 1550 7 0.136372
1 1 2822 1551 12 0.163438
1 1 2822 1552 9 0.15027
1 1 2825 1553 5 0.1313
1 1 2826 1554 8 0.136984
1 1 2827 1555 6 0.132615
1 1 2829 1556 8 0.142719
1 1 4 0 5 0.001024
1 1 5 1 8 0.000251
1 1 6 2 9 0.000276
1 1 7 3 7 0.000317
1 1 4 0 6 0.000178
1 1 2848 1562 13 0.164598
1 1 2848 1563 9 0.149081
1 1 2849 1564 12 0.165055
1 1 2851 1565 10 0.151149
1 1 2851 1566 9 0.152054
1 1 2852 1567 11 0.160325
1 1 2852 1568 7 0.135531
1 1 2859 1569 10 0.154346
1 1 2860 1570 10 0.15455
1 1 2862 1571 9 0.149907
1 1 2863 1572 7 0.140139
1 1 2865 1573 10 0.152233
1 1 2866 1574 9 0.150702
1 1 2867 1575 7 0.133938
1 1 2867 1576 7 0.136344
1 1 2868 1577 10 0.152625
1 1 2868 1578 12 0.166152
1 1 2868 1579 11 0.158254
1 1 2869 1580 12 0.163076
1 1 2871 1581 10 0.156786
1 1 2871 1582 9 0.146725
1 1 2875 1583 9 0.147619
1 1 2875 1584 9 0.145127
1 1 2875 1585 7 0.140211
1 1 2877 1586 12 0.16978
1 1 2878 1587 10 0.158562
1 1 2879 1588 9 0.148529
1 1 2880 1589 10 0.155838
1 1 2882 1590 6 0.134298
1 1 2882 1591 6 0.137051
1 1 2882 1592 7 0.146675
1 1 2883 1593 10 0.156927
1 1 2884 1594 9 0.151338
1 1 2885 1595 7 0.141954
1 1 2885 1596 9 0.148177
1 1 2886 1597 9 0.154295
1 1 2887 1598 7 0.139887
1 1 2887 1599 8 0.146631
1 1 2889 1600 8 0.147452
1 1 2889 1601 10 0.152917
1 1 2890 1602 10 0.156186
1 1 2891 1603 7 0.142318
1 1 2894 1604 6 0.100577
1 1 4 0 5 0.001016
1 1 7 1 7 0.000348
1 1 2907 1607 13 0.173308
1 1 2908 1608 6 0.139051
1 1 2909 1609 10 0.157776
1 1 2911 1610 7 0.145024
1 1 2913 1611 7 0.129887
1 1 2913 1612 7 0.141657
1 1 2914 1613 8 0.146977
1 1 2918 1614 8 0.144111
1 1 2919 1615 5 0.123553
1 1 2920 1616 6 0.136527
1 1 2920 1617 9 0.154961
1 1 2921 1618 9 0.153096
1 1 2922 1619 8 0.148806
1 1 2922 1620 8 0.152094
1 1 2922 1621 10 0.159658
1 1 2924 1622 5 0.133061
1 1 2930 1623 8 0.14628
1 1 2931 1624 8 0.14895
1 1 2931 1625 8 0.148832
1 1 2931 1626 10 0.158565
1 1 2933 1627 7 0.139099
1 1 2937 1628 9 0.15494
1 1 2937 1629 6 0.134855
1 1 2938 1630 7 0.144852
1 1 2938 1631 9 0.15528
1 1 2940 1632 11 0.166228
1 1 2942 1633 7 0.143442
1 1 2942 1634 7 0.143603
1 1 2943 1635 9 0.155483
1 1 2943 1636 6 0.138625
1 1 2944 1637 6 0.138919
1 1 2946 1638 7 0.141925
1 1 2946 1639 8 0.146734
1 1 7 0 5 0.001068
1 1 8 1 6 0.000252
1 1 10 2 10 0.000407
1 1 11 3 7 0.000441
1 1 11 4 8 0.000463
1 1 12 5 8 0.000515
1 1 13 6 7 0.000521
1 1 14 7 7 0.000427
1 1 15 8 10 0.000665
1 1 4 0 7 0.000176
1 1 5 1 8 0.000252
1 1 6 2 7 0.000287
1 1 6 3 8 0.000282
1 1 8 4 8 0.000382
1 1 4 0 11 0.00019
1 1 16 6 9 0.001037
1 1 17 7 10 0.000785
1 1 18 8 8 0.000733
1 1 19 9 8 0.000803
1 1 19 10 7 0.000731
1 1 21 11 9 0.0009
1 1 8 0 4 0.000211
1 1 11 1 5 0.000284
1 1 12 2 8 0.000448
1 1 13 3 6 0.000455
1 1 17 0 11 0.000579
1 1 18 1 9 0.000619
1 1 20 2 8 0.000667
1 1 7 0 9 0.000277
1 1 14 1 7 0.000355
1 1 45 5 8 0.00188
1 1 46 6 11 0.001798
1 1 47 7 8 0.001592
1 1 48 8 9 0.001668
1 1 62 13 7 0.001971
1 1 63 14 9 0.002386
1 1 64 15 8 0.002285
1 1 93 16 10 0.003791
1 1 95 17 5 0.003444
1 1 95 18 6 0.003376
1 1 104 19 9 0.004132
1 1 105 20 9 0.003597
1 1 112 21 7 0.002666
1 1 113 22 7 0.003627
1 1 6 0 6 0.000249
1 1 9 1 9 0.000362
1 1 4 0 9 0.000183
1 1 15 1 7 0.000475
1 1 16 2 7 0.000537
1 1 16 3 10 0.000578
1 1 26 6 9 0.001611
1 1 26 7 8 0.001011
1 1 29 8 8 0.001034
1 1 29 9 8 0.001066
1 1 31 10 7 0.001142
1 1 150 34 10 0.005974
1 1 150 35 10 0.005698
1 1 151 36 9 0.005972
1 1 152 37 9 0.005421
1 1 157 38 11 0.005857
1 1 157 39 8 0.005514
1 1 158 40 13 0.006034
1 1 158 41 7 0.005502
1 1 158 42 10 0.00599
1 1 159 43 8 0.005631
1 1 159 44 6 0.003804
1 1 160 45 9 0.005828
1 1 160 46 6 0.005686
1 1 161 47 6 0.005148
1 1 161 48 8 0.005876
1 1 162 49 6 0.003954
1 1 162 50 10 0.0061
1 1 164 51 9 0.006128
1 1 166 52 11 0.006529
1 1 169 53 8 0.006219
1 1 171 54 10 0.006604
1 1 172 55 10 0.006564
1 1 172 56 6 0.005982
1 1 173 57 9 0.006728
1 1 176 58 7 0.006095
1 1 179 59 9 0.006802
1 1 179 60 9 0.006812
1 1 179 61 10 0.006944
1 1 180 62 6 0.00655
1 1 180 63 9 0.006541
1 1 183 64 10 0.007201
1 1 184 65 6 0.006959
1 1 184 66 5 0.004449
1 1 185 67 10 0.007396
1 1 185 68 7 0.00685
1 1 185 69 12 0.007567
1 1 186 70 7 0.006817
1 1 187 71 6 0.006383
1 1 189 72 6 0.007058
1 1 190 73 9 0.00755
1 1 192 74 9 0.007516
1 1 194 75 10 0.00787
1 1 195 76 9 0.007784
1 1 196 77 9 0.007928
1 1 196 78 9 0.007808
1 1 197 79 10 0.007832
1 1 198 80 9 0.008003
1 1 198 81 9 0.008058
1 1 198 82 5 0.006741
1 1 198 83 9 0.008052
1 1 198 84 7 0.007806
1 1 200 85 7 0.007253
1 1 201 86 8 0.007523
1 1 203 87 11 0.00862
1 1 204 88 5 0.005209
1 1 205 89 9 0.008402
1 1 207 90 7 0.007407
1 1 208 91 9 0.008408
1 1 208 92 7 0.008551
1 1 209 93 8 0.007942
1 1 210 94 7 0.008315
1 1 210 95 10 0.00887
1 1 212 96 8 0.00861
1 1 213 97 8 0.008796
1 1 213 98 8 0.008388
1 1 214 99 10 0.009233
1 1 215 100 6 0.007477
1 1 217 101 10 0.00948
1 1 219 102 8 0.009142
1 1 221 103 10 0.009489
1 1 222 104 6 0.008249
1 1 222 105 7 0.008817
1 1 223 106 8 0.009275
1 1 225 107 10 0.009363
1 1 225 108 8 0.00929
1 1 225 109 7 0.008804
1 1 227 110 10 0.00997
1 1 228 111 10 0.010102
1 1 229 112 6 0.008239
1 1 230 113 9 0.009594
1 1 230 114 8 0.009639
1 1 230 115 6 0.009225
1 1 231 116 8 0.009286
1 1 235 117 8 0.010025
1 1 237 118 10 0.010635
1 1 237 119 8 0.010019
1 1 237 120 5 0.006445
1 1 237 121 8 0.009979
1 1 239 122 9 0.010384
1 1 241 123 9 0.010444
1 1 249 124 10 0.010994
1 1 250 125 8 0.010429
1 1 251 126 10 0.011094
1 1 252 127 10 0.011145
1 1 254 128 9 0.010922
1 1 254 129 9 0.011084
1 1 255 130 6 0.010237
1 1 257 131 12 0.01177
1 1 257 132 7 0.009872
1 1 259 133 8 0.011007
1 1 260 134 7 0.010481
1 1 260 135 8 0.011113
1 1 261 136 10 0.011534
1 1 261 137 11 0.011902
1 1 261 138 8 0.011053
1 1 269 139 9 0.011626
1 1 271 140 6 0.010911
1 1 271 141 10 0.011898
1 1 272 142 9 0.011702
1 1 272 143 8 0.011393
1 1 273 144 9 0.0118
1 1 274 145 10 0.011741
1 1 274 146 9 0.011773
1 1 275 147 10 0.012063
1 1 276 148 12 0.012618
1 1 276 149 7 0.011489
1 1 286 150 8 0.012336
1 1 290 151 9 0.012463
1 1 290 152 10 0.012857
1 1 293 153 10 0.012438
1 1 294 154 10 0.013034
1 1 296 155 11 0.01319
1 1 296 156 7 0.011554
1 1 297 157 9 0.012784
1 1 319 170 9 0.013695
1 1 319 171 10 0.014199
1 1 319 172 8 0.009702
1 1 322 173 8 0.012569
1 1 322 174 10 0.014263
1 1 323 175 6 0.012822
1 1 323 176 7 0.012767
1 1 324 177 9 0.014151
1 1 324 178 10 0.014365
1 1 324 179 8 0.013753
1 1 325 180 6 0.011916
1 1 326 181 10 0.014447
1 1 326 182 7 0.012894
1 1 327 183 8 0.014063
1 1 327 184 7 0.013458
1 1 329 185 6 0.013162
1 1 330 186 6 0.00956
1 1 332 187 8 0.014121
1 1 335 188 9 0.014317
1 1 336 189 7 0.012776
1 1 338 190 8 0.014231
1 1 338 191 9 0.01513
1 1 339 192 6 0.013834
1 1 340 193 10 0.015694
1 1 340 194 9 0.014689
1 1 341 195 7 0.013634
1 1 343 196 9 0.014813
1 1 344 197 10 0.01514
1 1 346 198 6 0.012938
1 1 351 199 8 0.015234
1 1 352 200 11 0.016388
1 1 354 201 12 0.016901
1 1 355 202 9 0.015733
1 1 356 203 7 0.014897
1 1 356 204 4 0.009428
1 1 356 205 6 0.010516
1 1 356 206 9 0.015988
1 1 357 207 6 0.015198
1 1 358 208 7 0.014177
1 1 358 209 10 0.016377
1 1 4 0 6 0.000227
1 1 365 211 10 0.017109
1 1 365 212 7 0.014526
1 1 365 213 8 0.015766
1 1 366 214 10 0.016854
1 1 367 215 9 0.016287
1 1 367 216 10 0.016982
1 1 368 217 7 0.015393
1 1 369 218 7 0.015791
1 1 369 219 8 0.015971
1 1 370 220 9 0.016684
1 1 374 221 5 0.010472
1 1 390 222 9 0.017305
1 1 390 223 9 0.017489
1 1 393 224 9 0.017578
1 1 395 225 8 0.017946
1 1 396 226 9 0.017671
1 1 399 227 7 0.01681
1 1 402 228 9 0.017999
1 1 402 229 9 0.017879
1 1 402 230 10 0.018469
1 1 404 231 8 0.01767
1 1 4 0 5 0.000231
1 1 409 233 11 0.019598
1 1 410 234 9 0.018094
1 1 410 235 9 0.018518
1 1 411 236 8 0.018202
1 1 412 237 7 0.012513
1 1 412 238 10 0.018858
1 1 413 239 5 0.011773
1 1 413 240 6 0.016827
1 1 414 241 8 0.018465
1 1 414 242 6 0.017855
1 1 415 243 8 0.018483
1 1 415 244 9 0.018784
1 1 416 245 7 0.017841
1 1 417 246 7 0.018087
1 1 418 247 11 0.020403
1 1 4 0 7 0.000278
1 1 5 1 7 0.000237
1 1 4 0 10 0.000177
1 1 5 1 9 0.000255
1 1 6 2 8 0.000257
1 1 12 5 10 0.001278
1 1 12 6 7 0.0006
1 1 12 7 10 0.000526
1 1 13 8 6 0.000505
1 1 9 0 6 0.000295
1 1 5 0 8 0.000197
1 1 20 2 9 0.001293
1 1 20 3 10 0.000776
1 1 23 4 9 0.000784
1 1 24 5 5 0.000754
1 1 24 6 7 0.00084
1 1 24 7 11 0.00094
1 1 25 8 6 0.000937
1 1 27 9 7 0.001109
1 1 28 10 10 0.001235
1 1 28 11 6 0.001052
1 1 31 12 7 0.001316
1 1 31 13 8 0.001364
1 1 32 14 9 0.001312
1 1 40 15 10 0.001521
1 1 40 16 8 0.001669
1 1 41 17 9 0.001708
1 1 41 18 6 0.001653
1 1 42 19 8 0.001741
1 1 43 20 8 0.001706
1 1 6 0 7 0.000227
1 1 8 1 10 0.000329
1 1 8 2 8 0.000343
1 1 9 3 7 0.000363
1 1 10 4 9 0.000419
1 1 62 26 11 0.003124
1 1 62 27 9 0.002745
1 1 62 28 6 0.002173
1 1 63 29 7 0.002951
1 1 64 30 9 0.002982
1 1 65 31 10 0.003075
1 1 66 32 7 0.002601
1 1 67 33 11 0.002888
1 1 67 34 8 0.002842
1 1 68 35 9 0.002086
1 1 69 36 8 0.002875
1 1 70 37 11 0.003068
1 1 71 38 8 0.002806
1 1 76 39 9 0.003254
1 1 82 40 8 0.003691
1 1 82 41 11 0.0036
1 1 92 42 7 0.003244
1 1 94 43 5 0.003522
1 1 95 44 9 0.003862
1 1 95 45 8 0.003853
1 1 96 46 6 0.002584
1 1 97 47 10 0.004002
