0 1 5 0 8 0.000783
1 1 29 0 10 0.002592
0 0 49 1 45 0.007461
1 1 61 0 8 0.004527
1 1 84 1 8 0.005871
1 1 139 2 9 0.010605
1 1 153 3 8 0.011891
1 1 160 4 13 0.013168
0 0 168 5 37 0.017266
0 1 6 0 6 0.000259
0 0 181 5 29 0.009081
0 0 184 5 26 0.006928
0 0 204 5 15 0.006634
0 1 303 6 34 0.012869
1 1 306 6 14 0.009605
1 1 309 7 18 0.010376
1 1 336 8 15 0.010652
0 0 406 9 24 0.013978
0 0 378 9 189 0.053753
1 1 388 9 15 0.011611
0 0 18 0 21 0.000622
1 1 508 10 13 0.015771
0 0 509 11 24 0.019482
0 0 527 11 33 0.023131
1 1 543 11 14 0.017303
1 1 550 12 12 0.016609
0 0 554 13 106 0.051446
0 0 554 13 79 0.041781
0 0 640 13 18 0.021901
0 0 666 13 23 0.025747
1 0 669 13 18 0.023283
0 0 684 14 67 0.046288
0 0 696 14 19 0.025004
0 1 724 14 18 0.024513
0 0 724 14 30 0.025027
0 1 733 14 18 0.025448
0 1 747 14 15 0.024565
0 0 69 0 38 0.003076
0 1 762 14 18 0.026626
